Date,Open,High,Low,Close,Adj Close,Volume
2020-01-02,62.290000915527344,62.459999084472656,61.68000030517578,61.91999816894531,59.14772033691406,2234500
2020-01-03,61.08000183105469,61.540000915527344,60.88999938964844,61.36000061035156,58.61280059814453,2535700
2020-01-06,61.040000915527344,61.29999923706055,60.349998474121094,60.75,58.03009796142578,3017000
2020-01-07,60.66999816894531,60.689998626708984,59.97999954223633,60.31999969482422,57.61935806274414,2952900
2020-01-08,60.40999984741211,60.86000061035156,60.220001220703125,60.72999954223633,58.01100158691406,2912100
2020-01-09,61.5,61.9900016784668,60.75,61.11000061035156,58.373985290527344,4049000
2020-01-10,61.380001068115234,61.380001068115234,60.45000076293945,60.63999938964844,57.92503356933594,2538300
2020-01-13,60.4900016784668,61.27000045776367,60.209999084472656,61.15999984741211,58.421749114990234,2787200
2020-01-14,61.09000015258789,61.709999084472656,60.970001220703125,61.369998931884766,58.622344970703125,3066800
2020-01-15,61.41999816894531,62.0,61.41999816894531,61.849998474121094,59.08085632324219,2613400
2020-01-16,62.02000045776367,62.560001373291016,61.86000061035156,62.45000076293945,59.653995513916016,3048700
2020-01-17,62.560001373291016,62.93000030517578,62.31999969482422,62.77000045776367,59.95966339111328,4046000
2020-01-21,62.400001525878906,62.72999954223633,61.939998626708984,62.290000915527344,59.501155853271484,3823600
2020-01-22,62.599998474121094,62.91999816894531,61.83000183105469,62.189998626708984,59.405635833740234,3534500
2020-01-23,62.02000045776367,62.58000183105469,61.849998474121094,62.54999923706055,59.74951934814453,3048100
2020-01-24,62.779998779296875,63.150001525878906,61.9900016784668,62.41999816894531,59.62533187866211,2631200
2020-01-27,61.83000183105469,62.09000015258789,61.290000915527344,61.77000045776367,59.00444412231445,3309800
2020-01-28,61.959999084472656,62.880001068115234,61.56999969482422,62.599998474121094,59.79727554321289,2683100
2020-01-29,62.84000015258789,63.380001068115234,62.59000015258789,62.91999816894531,60.10294723510742,3415800
2020-01-30,62.16999816894531,62.52000045776367,61.29999923706055,62.470001220703125,59.67310333251953,2428900
2020-01-31,62.22999954223633,62.34000015258789,60.849998474121094,61.380001068115234,58.63190841674805,3340700
2020-02-03,61.849998474121094,62.90999984741211,61.56999969482422,62.61000061035156,59.80683517456055,3646700
2020-02-04,63.349998474121094,63.900001525878906,63.0,63.43000030517578,60.59011459350586,2793100
2020-02-05,64.58999633789062,65.16999816894531,64.2300033569336,64.97000122070312,62.06117630004883,3815400
2020-02-06,67.05000305175781,71.4800033569336,66.97000122070312,71.41999816894531,68.2223892211914,7789900
2020-02-07,70.58000183105469,70.98999786376953,68.55000305175781,69.58999633789062,66.47431182861328,7927100
2020-02-10,68.88999938964844,69.47000122070312,68.58999633789062,69.37999725341797,66.27371978759766,3077000
2020-02-11,69.45999908447266,69.45999908447266,68.76000213623047,69.19999694824219,66.10179138183594,3036000
2020-02-12,69.52999877929688,69.66999816894531,69.05000305175781,69.43000030517578,66.32149505615234,2629700
2020-02-13,69.26000213623047,69.69999694824219,68.95999908447266,69.61000061035156,66.49342346191406,2827000
2020-02-14,69.2699966430664,69.41000366210938,67.80000305175781,68.41999816894531,65.56391906738281,4148300
2020-02-18,68.33999633789062,69.22000122070312,68.04000091552734,68.83000183105469,65.95681762695312,3218200
2020-02-19,68.37000274658203,69.23999786376953,67.91000366210938,68.87999725341797,66.00470733642578,3612800
2020-02-20,68.55999755859375,69.73999786376953,68.18000030517578,69.55999755859375,66.65632629394531,3641300
2020-02-21,69.12999725341797,70.29000091552734,68.80000305175781,70.08999633789062,67.1642074584961,4787100
2020-02-24,68.91999816894531,69.87999725341797,67.38999938964844,67.41999816894531,64.60565948486328,4557300
2020-02-25,67.55999755859375,68.0,64.33000183105469,64.4800033569336,61.78839111328125,4976800
2020-02-26,65.11000061035156,65.88999938964844,63.2599983215332,63.279998779296875,60.63846969604492,5205300
2020-02-27,62.25,63.849998474121094,61.29999923706055,62.31999969482422,59.71855545043945,5326600
2020-02-28,60.59000015258789,61.650001525878906,59.459999084472656,60.93000030517578,58.38657760620117,7873500
2020-03-02,60.599998474121094,61.349998474121094,58.81999969482422,61.33000183105469,58.7698860168457,5676800
2020-03-03,60.91999816894531,62.880001068115234,58.869998931884766,59.61000061035156,57.12167739868164,5117800
2020-03-04,60.7599983215332,62.189998626708984,59.349998474121094,62.16999816894531,59.5748176574707,3244200
2020-03-05,60.470001220703125,61.2599983215332,59.349998474121094,59.93000030517578,57.428321838378906,3893000
2020-03-06,57.75,58.849998474121094,57.0099983215332,58.2400016784668,55.808868408203125,5364400
2020-03-09,55.060001373291016,55.970001220703125,53.459999084472656,53.959999084472656,51.70752716064453,7526000
2020-03-10,55.59000015258789,56.220001220703125,52.91999816894531,55.779998779296875,53.45155715942383,6703100
2020-03-11,54.13999938964844,55.369998931884766,52.41999816894531,53.13999938964844,50.921756744384766,6122600
2020-03-12,49.689998626708984,52.22999954223633,47.75,48.97999954223633,46.93540573120117,7701700
2020-03-13,51.61000061035156,52.70000076293945,48.689998626708984,52.619998931884766,50.423465728759766,5853600
2020-03-16,46.72999954223633,47.720001220703125,43.0099983215332,43.58000183105469,41.76082992553711,6489800
2020-03-17,44.540000915527344,50.650001525878906,43.66999816894531,50.099998474121094,48.00865173339844,6919500
2020-03-18,47.150001525878906,49.93000030517578,45.790000915527344,47.470001220703125,45.48843765258789,7214400
2020-03-19,46.630001068115234,47.77000045776367,44.22999954223633,46.4900016784668,44.549354553222656,5650600
2020-03-20,46.31999969482422,48.459999084472656,43.66999816894531,44.099998474121094,42.25911331176758,6541200
2020-03-23,44.27000045776367,44.7400016784668,40.0099983215332,41.61000061035156,39.87306213378906,8152800
2020-03-24,43.68000030517578,46.5,43.08000183105469,46.40999984741211,44.472686767578125,5853300
2020-03-25,46.0,49.36000061035156,45.4900016784668,47.689998626708984,45.699256896972656,4921000
2020-03-26,48.0,50.45000076293945,47.43000030517578,49.81999969482422,47.74034118652344,5291000
2020-03-27,47.619998931884766,48.4900016784668,46.279998779296875,46.65999984741211,44.712257385253906,5159300
2020-03-30,47.400001525878906,47.93000030517578,46.33000183105469,47.380001068115234,45.40220260620117,6230200
2020-03-31,47.02000045776367,48.459999084472656,46.15999984741211,46.470001220703125,44.530189514160156,5228500
2020-04-01,44.68000030517578,45.08000183105469,42.13999938964844,42.5099983215332,40.7354850769043,5490300
2020-04-02,42.29999923706055,45.0,42.20000076293945,44.290000915527344,42.44118881225586,3819700
2020-04-03,43.970001220703125,44.720001220703125,43.0099983215332,43.400001525878906,41.58834457397461,3225800
2020-04-06,45.810001373291016,48.70000076293945,45.38999938964844,48.45000076293945,46.42753601074219,5659100
2020-04-07,50.0,50.400001525878906,47.61000061035156,47.79999923706055,45.804664611816406,4056100
2020-04-08,48.45000076293945,51.790000915527344,47.7599983215332,51.38999938964844,49.244815826416016,5382200
2020-04-09,51.91999816894531,55.25,51.91999816894531,54.279998779296875,52.0141716003418,6208800
2020-04-13,53.5099983215332,53.720001220703125,52.04999923706055,52.70000076293945,50.5001335144043,3698900
2020-04-14,53.900001525878906,54.150001525878906,53.029998779296875,54.06999969482422,51.81293487548828,5486600
2020-04-15,52.689998626708984,52.790000915527344,51.130001068115234,51.939998626708984,49.771846771240234,3385100
2020-04-16,52.060001373291016,52.88999938964844,50.540000915527344,51.470001220703125,49.32146453857422,3551100
2020-04-17,52.70000076293945,53.90999984741211,52.59000015258789,53.810001373291016,51.56379318237305,5052600
2020-04-20,52.36000061035156,53.41999816894531,51.13999938964844,52.529998779296875,50.33721923828125,4955500
2020-04-21,51.29999923706055,52.5099983215332,50.66999816894531,50.9900016784668,48.861507415771484,4115900
2020-04-22,52.040000915527344,52.59000015258789,51.33000183105469,52.2599983215332,50.07849884033203,3591100
2020-04-23,52.40999984741211,53.720001220703125,52.40999984741211,52.650001525878906,50.45220947265625,2708900
2020-04-24,52.599998474121094,54.119998931884766,52.400001525878906,53.810001373291016,51.56379318237305,4056600
2020-04-27,54.38999938964844,56.16999816894531,54.36000061035156,56.040000915527344,53.700706481933594,4324900
2020-04-28,57.13999938964844,58.02000045776367,56.47999954223633,56.529998779296875,54.17024612426758,3728800
2020-04-29,58.130001068115234,59.70000076293945,57.779998779296875,59.22999954223633,56.757537841796875,3707200
2020-04-30,58.40999984741211,58.77000045776367,57.29999923706055,58.02000045776367,55.598045349121094,4274900
2020-05-01,56.88999938964844,57.04999923706055,56.11000061035156,56.5,54.14149475097656,2956200
2020-05-04,55.77000045776367,56.58000183105469,55.130001068115234,56.38999938964844,54.03609085083008,3566200
2020-05-05,56.79999923706055,57.459999084472656,56.36000061035156,57.13999938964844,54.75478744506836,3362600
2020-05-06,57.72999954223633,58.2599983215332,56.65999984741211,57.59000015258789,55.18600082397461,3939000
2020-05-07,58.310001373291016,59.22999954223633,58.310001373291016,58.7599983215332,56.30715560913086,3867600
2020-05-08,55.0,57.560001373291016,54.2400016784668,57.15999984741211,54.77395248413086,7785200
2020-05-11,56.31999969482422,56.36000061035156,54.619998931884766,55.54999923706055,53.23115539550781,3687900
2020-05-12,55.25,55.7400016784668,53.209999084472656,53.209999084472656,50.98883819580078,3603200
2020-05-13,52.63999938964844,52.66999816894531,48.97999954223633,49.47999954223633,47.41453552246094,5834000
2020-05-14,49.13999938964844,50.779998779296875,47.38999938964844,50.7400016784668,48.621944427490234,5218300
2020-05-15,49.86000061035156,50.279998779296875,48.97999954223633,50.18000030517578,48.0853157043457,4724900
2020-05-18,52.09000015258789,53.459999084472656,51.90999984741211,53.13999938964844,50.921756744384766,3686500
2020-05-19,52.5099983215332,52.900001525878906,51.31999969482422,51.47999954223633,49.5361328125,3415300
2020-05-20,52.16999816894531,53.59000015258789,52.0,52.560001373291016,50.57535171508789,2866700
2020-05-21,52.439998626708984,52.790000915527344,51.709999084472656,51.7400016784668,49.786319732666016,2290600
2020-05-22,52.02000045776367,52.040000915527344,50.93000030517578,51.45000076293945,49.50726318359375,2718000
2020-05-26,53.06999969482422,53.900001525878906,52.83000183105469,53.2599983215332,51.24892044067383,3632800
2020-05-27,54.310001373291016,55.40999984741211,53.97999954223633,55.349998474121094,53.26000213623047,3709500
2020-05-28,55.61000061035156,55.88999938964844,53.59000015258789,53.70000076293945,51.672306060791016,3031100
2020-05-29,53.59000015258789,53.599998474121094,52.22999954223633,53.0,50.99873733520508,6450300
2020-06-01,53.0,53.33000183105469,52.47999954223633,52.849998474121094,50.854400634765625,3202900
2020-06-02,53.56999969482422,53.56999969482422,52.88999938964844,53.29999923706055,51.28740310668945,3079400
2020-06-03,53.720001220703125,55.439998626708984,53.52000045776367,55.349998474121094,53.26000213623047,4428800
2020-06-04,55.060001373291016,55.7400016784668,54.529998779296875,55.599998474121094,53.50056076049805,2349300
2020-06-05,56.959999084472656,59.220001220703125,56.54999923706055,57.81999969482422,55.63673782348633,4945700
2020-06-08,58.09000015258789,58.91999816894531,58.09000015258789,58.58000183105469,56.36803436279297,2706200
2020-06-09,58.0,58.0,56.63999938964844,57.189998626708984,55.0305290222168,2364900
2020-06-10,57.86000061035156,58.38999938964844,56.68000030517578,57.529998779296875,55.35769271850586,2811000
2020-06-11,56.08000183105469,56.22999954223633,53.619998931884766,53.65999984741211,51.63382339477539,3404300
2020-06-12,54.349998474121094,55.470001220703125,53.47999954223633,54.79999923706055,52.73076629638672,2474300
2020-06-15,52.59000015258789,55.099998474121094,52.5,54.66999816894531,52.605674743652344,2724000
2020-06-16,56.20000076293945,57.04999923706055,54.83000183105469,55.369998931884766,53.27925109863281,2685600
2020-06-17,55.880001068115234,56.04999923706055,54.709999084472656,55.4900016784668,53.39472198486328,2234900
2020-06-18,54.65999984741211,55.20000076293945,53.900001525878906,54.88999938964844,52.8173713684082,2570600
2020-06-19,56.0,56.0099983215332,53.90999984741211,54.15999984741211,52.11493682861328,5381000
2020-06-22,53.91999816894531,54.529998779296875,53.15999984741211,53.849998474121094,51.81664276123047,2388500
2020-06-23,54.5099983215332,55.439998626708984,54.02000045776367,55.20000076293945,53.11566925048828,3103300
2020-06-24,54.7599983215332,54.88999938964844,53.77000045776367,53.79999923706055,51.76853561401367,4597200
2020-06-25,54.029998779296875,55.66999816894531,53.9900016784668,55.59000015258789,53.49094009399414,3854700
2020-06-26,55.369998931884766,55.59000015258789,54.59000015258789,55.209999084472656,53.12528610229492,3743900
2020-06-29,55.77000045776367,56.52000045776367,54.9900016784668,56.4900016784668,54.35695266723633,2907300
2020-06-30,56.59000015258789,57.54999923706055,56.27000045776367,56.81999969482422,54.67449951171875,3845000
2020-07-01,57.0,57.43000030517578,55.95000076293945,56.41999816894531,54.28960037231445,2966500
2020-07-02,57.0099983215332,57.68000030517578,56.0099983215332,56.08000183105469,53.962440490722656,3123100
2020-07-06,57.0,57.09000015258789,56.09000015258789,56.2599983215332,54.13563919067383,2202900
2020-07-07,55.52000045776367,56.400001525878906,55.36000061035156,55.849998474121094,53.74111557006836,2604600
2020-07-08,56.09000015258789,56.36000061035156,55.220001220703125,55.70000076293945,53.59678649902344,1783300
2020-07-09,55.66999816894531,55.70000076293945,54.56999969482422,55.279998779296875,53.19264602661133,3043000
2020-07-10,55.04999923706055,55.880001068115234,54.91999816894531,55.779998779296875,53.67376708984375,2037900
2020-07-13,56.439998626708984,57.720001220703125,56.15999984741211,56.459999084472656,54.328086853027344,3415300
2020-07-14,56.02000045776367,56.54999923706055,55.18000030517578,56.470001220703125,54.337711334228516,2395200
2020-07-15,58.0,60.400001525878906,58.0,59.66999816894531,57.4168815612793,4574900
2020-07-16,60.900001525878906,61.70000076293945,60.5,61.04999923706055,58.74477005004883,5220900
2020-07-17,61.369998931884766,61.77000045776367,60.79999923706055,61.43000030517578,59.11042022705078,3011500
2020-07-20,61.36000061035156,62.0099983215332,61.04999923706055,61.709999084472656,59.37984848022461,2135000
2020-07-21,62.25,62.90999984741211,61.400001525878906,61.619998931884766,59.29324722290039,2495300
2020-07-22,61.630001068115234,62.40999984741211,61.279998779296875,61.959999084472656,59.62041091918945,3036900
2020-07-23,62.15999984741211,62.560001373291016,61.790000915527344,62.08000183105469,59.73588562011719,2514900
2020-07-24,62.18000030517578,62.33000183105469,61.459999084472656,61.79999923706055,59.466453552246094,2678000
2020-07-27,61.689998626708984,63.66999816894531,61.290000915527344,63.43000030517578,61.03489685058594,2997400
2020-07-28,63.41999816894531,63.84000015258789,62.58000183105469,62.63999938964844,60.27473068237305,3155000
2020-07-29,63.06999969482422,65.19999694824219,62.68000030517578,64.79000091552734,62.34355545043945,4818300
2020-07-30,68.91999816894531,69.48999786376953,67.0,69.18000030517578,66.56777954101562,6495000
2020-07-31,68.79000091552734,69.0,66.98999786376953,68.31999969482422,65.7402572631836,3646900
2020-08-03,66.8499984741211,68.12000274658203,66.66999816894531,68.04000091552734,65.47084045410156,3398200
2020-08-04,67.16999816894531,67.98999786376953,66.87000274658203,67.91999816894531,65.3553695678711,2962900
2020-08-05,68.13999938964844,68.68000030517578,67.16000366210938,67.43000030517578,64.88387298583984,2697300
2020-08-06,67.48999786376953,67.7300033569336,66.66999816894531,67.58000183105469,65.02820587158203,2307600
2020-08-07,67.19999694824219,67.6500015258789,66.69000244140625,67.4800033569336,64.93197631835938,2054500
2020-08-10,67.36000061035156,67.4800033569336,66.61000061035156,67.11000061035156,64.57594299316406,2338600
2020-08-11,67.29000091552734,67.58000183105469,66.2699966430664,66.52999877929688,64.01785278320312,2302500
2020-08-12,66.95999908447266,67.62000274658203,66.88999938964844,66.9800033569336,64.45085906982422,2699000
2020-08-13,66.31999969482422,67.30000305175781,66.1500015258789,66.9000015258789,64.37386322021484,1531500
2020-08-14,66.48999786376953,67.27999877929688,66.0,66.93000030517578,64.40274047851562,1289300
2020-08-17,67.25,67.83999633789062,66.94999694824219,67.54000091552734,64.98971557617188,1769200
2020-08-18,67.5999984741211,67.87999725341797,67.0,67.22000122070312,64.68179321289062,1535400
2020-08-19,67.30000305175781,67.66999816894531,66.76000213623047,66.88999938964844,64.36425018310547,1935500
2020-08-20,66.12000274658203,66.70999908447266,66.0199966430664,66.30000305175781,64.0070571899414,1315300
2020-08-21,66.16999816894531,66.20999908447266,65.12000274658203,65.72000122070312,63.44711685180664,3580100
2020-08-24,65.70999908447266,67.62999725341797,65.54000091552734,67.62000274658203,65.28141021728516,2429900
2020-08-25,67.62000274658203,67.6500015258789,66.47000122070312,66.94000244140625,64.62492370605469,1864000
2020-08-26,67.08000183105469,67.8499984741211,66.58000183105469,67.75,65.40690612792969,2071000
2020-08-27,68.0,68.30000305175781,67.16000366210938,67.41000366210938,65.07867431640625,1589900
2020-08-28,67.37999725341797,67.73999786376953,67.01000213623047,67.69000244140625,65.34898376464844,1536900
2020-08-31,67.38999938964844,67.54000091552734,66.72000122070312,66.86000061035156,64.54768371582031,2653700
2020-09-01,66.26000213623047,67.02999877929688,65.87999725341797,66.97000122070312,64.65388488769531,1704600
2020-09-02,67.44999694824219,68.98999786376953,67.08999633789062,68.81999969482422,66.43989562988281,2710900
2020-09-03,68.66999816894531,68.88999938964844,66.33000183105469,67.12000274658203,64.79869842529297,3366700
2020-09-04,67.4000015258789,68.12000274658203,65.83999633789062,66.80999755859375,64.49942016601562,2544900
2020-09-08,65.44999694824219,66.66999816894531,65.04000091552734,65.5999984741211,63.33126449584961,3102600
2020-09-09,66.04000091552734,66.94000244140625,65.29000091552734,66.41000366210938,64.1132583618164,2275400
2020-09-10,66.30999755859375,67.66999816894531,65.36000061035156,65.55999755859375,63.292640686035156,2679200
2020-09-11,67.7699966430664,69.16999816894531,67.05999755859375,68.18000030517578,65.82203674316406,4935500
2020-09-14,68.36000061035156,69.58000183105469,68.3499984741211,69.29000091552734,66.89364624023438,3411900
2020-09-15,69.23999786376953,70.98999786376953,69.23999786376953,70.12999725341797,67.70459747314453,3436500
2020-09-16,70.9000015258789,71.80999755859375,70.05000305175781,70.72000122070312,68.27418518066406,3160300
2020-09-17,68.11000061035156,70.86000061035156,67.91000366210938,70.12000274658203,67.69493865966797,3819500
2020-09-18,70.08000183105469,70.4000015258789,67.97000122070312,68.86000061035156,66.478515625,5525500
2020-09-21,67.86000061035156,68.16999816894531,67.06999969482422,67.38999938964844,65.0593490600586,3190000
2020-09-22,67.62999725341797,68.5,66.70999908447266,68.25,65.88961791992188,2838700
2020-09-23,68.45999908447266,69.19000244140625,66.80999755859375,67.08999633789062,64.76972961425781,3086100
2020-09-24,65.94999694824219,67.5999984741211,65.58000183105469,66.9000015258789,64.58631134033203,2855000
2020-09-25,66.87000274658203,68.31999969482422,66.5,68.08000183105469,65.72549438476562,2758100
2020-09-28,68.97000122070312,69.6500015258789,68.7300033569336,69.31999969482422,66.92259979248047,3971000
2020-09-29,69.44000244140625,70.08000183105469,68.62999725341797,69.0,66.6136703491211,2571100
2020-09-30,69.27999877929688,70.11000061035156,68.86000061035156,69.41999816894531,67.01914978027344,3912200
2020-10-01,70.22000122070312,70.5999984741211,68.97000122070312,69.33000183105469,66.9322509765625,3426400
2020-10-02,67.91999816894531,69.3499984741211,67.79000091552734,68.86000061035156,66.478515625,2460500
2020-10-05,69.62000274658203,71.26000213623047,69.5,70.93000030517578,68.4769287109375,4117400
2020-10-06,70.9000015258789,71.5999984741211,69.69000244140625,69.83000183105469,67.41496276855469,3111000
2020-10-07,70.7300033569336,72.4800033569336,70.5999984741211,72.23999786376953,69.74161529541016,3180300
2020-10-08,72.5,73.44999694824219,72.2300033569336,72.91000366210938,70.3884506225586,2312700
2020-10-09,73.6500015258789,74.05999755859375,72.75,73.08000183105469,70.55255889892578,3584300
2020-10-12,74.08999633789062,74.91999816894531,73.2699966430664,74.62999725341797,72.0489730834961,4748800
2020-10-13,74.98999786376953,75.31999969482422,73.04000091552734,73.22000122070312,70.6877212524414,3322100
2020-10-14,73.22000122070312,74.4000015258789,73.0999984741211,73.95999908447266,71.40213775634766,3273400
2020-10-15,73.25,73.88999938964844,72.76000213623047,73.72000122070312,71.17044830322266,2637200
2020-10-16,74.33999633789062,74.62999725341797,73.30999755859375,73.36000061035156,70.82288360595703,2533200
2020-10-19,73.19000244140625,73.75,71.95999908447266,72.19999694824219,69.70299530029297,2791400
2020-10-20,73.05000305175781,74.01000213623047,72.30000305175781,73.3499984741211,70.81322479248047,2252400
2020-10-21,73.02999877929688,74.04000091552734,72.87999725341797,72.88999938964844,70.369140625,2915900
2020-10-22,72.7300033569336,73.58000183105469,72.2300033569336,73.37999725341797,70.84217834472656,2705400
2020-10-23,73.45999908447266,74.31999969482422,73.08999633789062,74.12000274658203,71.55660247802734,2135600
2020-10-26,73.19999694824219,73.44999694824219,71.87000274658203,72.70999908447266,70.19537353515625,6195700
2020-10-27,72.83000183105469,73.5,72.5199966430664,73.38999938964844,70.85184478759766,5498400
2020-10-28,72.36000061035156,72.93000030517578,70.9800033569336,71.0999984741211,68.64103698730469,8444500
2020-10-29,74.83000183105469,76.44999694824219,70.80999755859375,71.0199966430664,68.56381225585938,7110800
2020-10-30,70.47000122070312,71.77999877929688,69.97000122070312,71.41999816894531,68.9499740600586,4298200
2020-11-02,71.47000122070312,71.91000366210938,70.29000091552734,70.80000305175781,68.35142517089844,3276100
2020-11-03,71.91999816894531,72.94000244140625,71.41000366210938,71.94000244140625,69.4520034790039,2089600
2020-11-04,73.7699966430664,74.08999633789062,71.86000061035156,73.0199966430664,70.49464416503906,2427200
2020-11-05,73.7699966430664,74.91000366210938,73.41999816894531,74.23999786376953,71.67243957519531,2079100
2020-11-06,74.4800033569336,74.62000274658203,73.5999984741211,74.22000122070312,71.65314483642578,1394700
2020-11-09,75.19000244140625,78.20999908447266,73.81999969482422,73.87999725341797,71.32489776611328,3344000
2020-11-10,73.76000213623047,75.48999786376953,73.52999877929688,75.0999984741211,72.50271606445312,3789900
2020-11-11,75.51000213623047,77.08999633789062,75.44000244140625,76.76000213623047,74.10529327392578,3254300
2020-11-12,76.81999969482422,77.18000030517578,75.58999633789062,76.22000122070312,73.58397674560547,3087200
2020-11-13,77.0,77.66999816894531,76.80000305175781,77.19000244140625,74.52042388916016,2681200
2020-11-16,77.87000274658203,78.47000122070312,77.2300033569336,77.80000305175781,75.10933685302734,2162500
2020-11-17,76.75,77.37999725341797,76.16999816894531,77.0,74.33700561523438,2026800
2020-11-18,76.47000122070312,76.7699966430664,74.68000030517578,74.69999694824219,72.32316589355469,4192600
2020-11-19,74.98999786376953,76.30000305175781,74.55999755859375,76.19999694824219,73.77545928955078,2915700
2020-11-20,75.91999816894531,76.27999877929688,75.66999816894531,75.9000015258789,73.4850082397461,2277100
2020-11-23,76.0,77.30000305175781,75.91999816894531,77.19999694824219,74.74363708496094,1958000
2020-11-24,77.94999694824219,78.7699966430664,77.2699966430664,78.75,76.24431610107422,2594600
2020-11-25,78.94000244140625,79.0,78.16999816894531,78.55000305175781,76.0506820678711,2189500
2020-11-27,77.94000244140625,78.88999938964844,77.66000366210938,78.41000366210938,75.91513061523438,1104900
2020-11-30,77.94000244140625,78.33000183105469,77.06999969482422,78.12999725341797,75.64405059814453,3797700
2020-12-01,78.11000061035156,79.04000091552734,77.94999694824219,78.66000366210938,76.15718841552734,3653600
2020-12-02,78.66000366210938,78.66000366210938,77.9800033569336,78.12000274658203,75.63436126708984,2250900
2020-12-03,78.06999969482422,79.12999725341797,77.75,78.76000213623047,76.25399017333984,2108200
2020-12-04,79.1500015258789,81.11000061035156,78.48999786376953,81.05999755859375,78.4808120727539,3079000
2020-12-07,79.94999694824219,80.73999786376953,79.69999694824219,80.52999877929688,77.96768951416016,2419700
2020-12-08,79.26000213623047,80.58999633789062,78.73999786376953,79.87000274658203,77.32868194580078,2979500
2020-12-09,80.31999969482422,80.76000213623047,78.80999755859375,79.01000213623047,76.49604034423828,3585500
2020-12-10,79.01000213623047,79.01000213623047,77.94000244140625,78.37999725341797,75.8860855102539,2069900
2020-12-11,78.55999755859375,79.94999694824219,78.19000244140625,78.51000213623047,76.01195526123047,3528600
2020-12-14,79.0,79.48999786376953,78.61000061035156,79.19000244140625,76.67031860351562,2640600
2020-12-15,80.0999984741211,80.52999877929688,79.06999969482422,80.52999877929688,77.96768951416016,2741900
2020-12-16,80.63999938964844,80.63999938964844,78.83999633789062,79.31999969482422,76.79618835449219,2543100
2020-12-17,81.2699966430664,82.7300033569336,81.0,81.7300033569336,79.12950897216797,5461900
2020-12-18,82.0999984741211,82.0999984741211,80.5199966430664,81.0199966430664,78.44207763671875,7656700
2020-12-21,79.8499984741211,80.54000091552734,78.55999755859375,80.47000122070312,77.90959930419922,2369000
2020-12-22,80.18000030517578,81.6500015258789,80.13999938964844,81.0199966430664,78.44207763671875,2405700
2020-12-23,81.3499984741211,81.88999938964844,80.9800033569336,80.98999786376953,78.41304016113281,1674200
2020-12-24,81.3499984741211,81.3499984741211,80.5999984741211,81.06999969482422,78.49049377441406,1037000
2020-12-28,81.54000091552734,82.25,81.3499984741211,81.37000274658203,78.78096008300781,1192200
2020-12-29,82.0199966430664,82.08999633789062,80.20999908447266,80.5,77.93863677978516,1035500
2020-12-30,80.87999725341797,81.41000366210938,80.62999725341797,81.06999969482422,78.49049377441406,1090600
2020-12-31,81.37000274658203,82.2300033569336,80.7699966430664,81.94999694824219,79.34251403808594,1500700
2021-01-04,82.0,82.2699966430664,78.69999694824219,79.41999816894531,76.89300537109375,2305700
2021-01-05,79.51000213623047,80.12999725341797,79.19000244140625,79.6500015258789,77.11568450927734,1856700
2021-01-06,79.31999969482422,81.13999938964844,79.22000122070312,80.1500015258789,77.59976196289062,2981200
2021-01-07,80.73999786376953,81.83999633789062,80.51000213623047,80.94999694824219,78.37432098388672,2853500
2021-01-08,81.12000274658203,82.05999755859375,80.95999908447266,81.94999694824219,79.34251403808594,2704700
2021-01-11,81.25,82.0999984741211,79.91999816894531,80.13999938964844,77.59008026123047,2156600
2021-01-12,80.19000244140625,80.5,78.61000061035156,79.63999938964844,77.10600280761719,2238300
2021-01-13,80.69999694824219,80.69999694824219,79.31999969482422,79.61000061035156,77.07695770263672,2030300
2021-01-14,79.33999633789062,80.22000122070312,79.06999969482422,80.05000305175781,77.5029525756836,2360500
2021-01-15,79.62999725341797,80.58999633789062,79.19000244140625,80.23999786376953,77.68690490722656,2174400
2021-01-19,80.38999938964844,80.98999786376953,79.19000244140625,79.76000213623047,77.22216796875,2667900
2021-01-20,80.9000015258789,82.11000061035156,80.16000366210938,81.91000366210938,79.30377960205078,2479400
2021-01-21,82.0,82.06999969482422,80.69000244140625,80.87999725341797,78.3065414428711,2209200
2021-01-22,80.06999969482422,80.94000244140625,79.5,80.55999755859375,77.99674224853516,1449600
2021-01-25,80.0,80.43000030517578,78.25,80.02999877929688,77.48358154296875,1757200
2021-01-26,80.58000183105469,80.58000183105469,79.45999908447266,79.55000305175781,77.01886749267578,2053700
2021-01-27,78.3499984741211,78.7300033569336,75.9000015258789,76.1500015258789,73.72704315185547,3936600
2021-01-28,76.95999908447266,79.37000274658203,76.66000366210938,78.9000015258789,76.3895492553711,2992800
2021-01-29,78.9800033569336,79.61000061035156,77.5999984741211,77.94999694824219,75.46977996826172,3273000
2021-02-01,78.55999755859375,79.58999633789062,78.02999877929688,78.83999633789062,76.33145904541016,3442300
2021-02-02,78.86000061035156,80.83000183105469,78.86000061035156,80.05000305175781,77.5029525756836,2738800
2021-02-03,79.79000091552734,80.12999725341797,78.75,79.33999633789062,76.81553649902344,3483800
2021-02-04,74.33999633789062,75.62999725341797,72.76000213623047,74.69000244140625,72.3134994506836,8771100
2021-02-05,74.55000305175781,75.55000305175781,74.08999633789062,74.5,72.12954711914062,4711800
2021-02-08,74.62999725341797,75.88999938964844,74.12000274658203,75.8499984741211,73.43659210205078,2498600
2021-02-09,75.81999969482422,76.94999694824219,75.22000122070312,76.16000366210938,73.73672485351562,2663000
2021-02-10,76.23999786376953,76.43000030517578,75.27999877929688,76.04000091552734,73.62053680419922,2069800
2021-02-11,76.30999755859375,77.5199966430664,75.75,76.97000122070312,74.52095794677734,3609200
2021-02-12,76.76000213623047,77.1500015258789,76.22000122070312,76.95999908447266,74.51127624511719,1880900
2021-02-16,77.0,77.3499984741211,76.11000061035156,76.11000061035156,73.68830871582031,2445800
2021-02-17,75.7300033569336,76.79000091552734,75.37000274658203,76.43000030517578,74.23221588134766,3398600
2021-02-18,76.13999938964844,76.13999938964844,74.41999816894531,74.81999969482422,72.66851043701172,4440800
2021-02-19,75.02999877929688,75.19000244140625,73.38999938964844,73.63999938964844,71.5224380493164,4082500
2021-02-22,73.26000213623047,73.97000122070312,72.7699966430664,73.25,71.1436538696289,3063800
2021-02-23,72.8499984741211,73.43000030517578,72.06999969482422,72.87999725341797,70.78428649902344,3310500
2021-02-24,72.4000015258789,75.05999755859375,71.55999755859375,74.93000030517578,72.77535247802734,2922700
2021-02-25,74.12000274658203,74.9800033569336,73.19000244140625,73.37999725341797,71.2699203491211,2786500
2021-02-26,73.8499984741211,74.33999633789062,72.58000183105469,73.4800033569336,71.36705017089844,3279800
2021-03-01,74.11000061035156,75.16000366210938,73.80999755859375,74.83000183105469,72.67821502685547,3226900
2021-03-02,75.02999877929688,75.72000122070312,74.04000091552734,74.94999694824219,72.79476928710938,3068900
2021-03-03,74.76000213623047,74.76000213623047,72.77999877929688,73.16000366210938,71.05623626708984,3406400
2021-03-04,72.91999816894531,73.94999694824219,71.76000213623047,72.4000015258789,70.3180923461914,3284200
2021-03-05,74.51000213623047,74.51000213623047,71.93000030517578,73.70999908447266,71.59041595458984,2779000
2021-03-08,72.87999725341797,74.38999938964844,72.56999969482422,72.69000244140625,70.59976196289062,3250600
2021-03-09,73.69000244140625,75.22000122070312,73.51000213623047,74.38999938964844,72.2508773803711,2767400
2021-03-10,74.66999816894531,76.23999786376953,74.63999938964844,76.0199966430664,73.83399963378906,2636800
2021-03-11,76.4000015258789,78.30999755859375,76.22000122070312,77.54000091552734,75.31031036376953,3183400
2021-03-12,76.8499984741211,77.83999633789062,76.83999633789062,77.7699966430664,75.53367614746094,2447800
2021-03-15,77.27999877929688,79.33000183105469,77.27999877929688,79.2699966430664,76.99054718017578,3003700
2021-03-16,79.01000213623047,79.0999984741211,77.83999633789062,78.05999755859375,75.8153305053711,2497500
2021-03-17,77.4800033569336,78.31999969482422,77.16000366210938,78.02999877929688,75.78621673583984,2415000
2021-03-18,77.25,77.7699966430664,76.02999877929688,76.4000015258789,74.20307922363281,2890000
2021-03-19,75.76000213623047,77.33000183105469,75.4000015258789,76.55000305175781,74.34876251220703,5658300
2021-03-22,76.93000030517578,77.05999755859375,76.22000122070312,76.7300033569336,74.5235824584961,4237300
2021-03-23,77.16000366210938,77.62000274658203,76.16999816894531,76.2300033569336,74.0379638671875,3154500
2021-03-24,76.70999908447266,77.8499984741211,76.52999877929688,76.94000244140625,74.72754669189453,3008600
2021-03-25,77.02999877929688,77.44999694824219,76.05999755859375,77.0999984741211,74.88294219970703,2935500
2021-03-26,77.2300033569336,79.33000183105469,76.94000244140625,79.23999786376953,76.96141815185547,2403600
2021-03-29,78.9000015258789,79.11000061035156,77.19000244140625,78.05999755859375,75.8153305053711,3099600
2021-03-30,77.7300033569336,78.66999816894531,77.5,78.56999969482422,76.31067657470703,2506600
2021-03-31,78.81999969482422,79.18000030517578,77.9000015258789,78.12000274658203,75.87361907958984,3573800
2021-04-01,78.93000030517578,79.33000183105469,78.13999938964844,78.87999725341797,76.61176300048828,2430400
2021-04-05,79.19000244140625,80.48999786376953,79.0,80.33000183105469,78.02007293701172,2543600
2021-04-06,79.23999786376953,80.16000366210938,79.16999816894531,79.66000366210938,77.36932373046875,2346400
2021-04-07,79.9000015258789,80.12000274658203,79.0999984741211,79.20999908447266,76.9322738647461,1750500
2021-04-08,79.54000091552734,80.7699966430664,79.30999755859375,80.05999755859375,77.75782775878906,3345300
2021-04-09,80.05999755859375,80.6500015258789,79.7699966430664,80.55000305175781,78.23373413085938,1985700
2021-04-12,80.02999877929688,80.4800033569336,79.5999984741211,80.2300033569336,77.9229507446289,2358500
2021-04-13,80.2699966430664,80.73999786376953,79.87999725341797,80.44000244140625,78.12690734863281,2371000
2021-04-14,80.06999969482422,80.3499984741211,79.27999877929688,79.45999908447266,77.17507934570312,2276500
2021-04-15,80.05000305175781,80.5,79.23999786376953,79.7699966430664,77.47616577148438,4530400
2021-04-16,80.0,80.8499984741211,79.55000305175781,80.62000274658203,78.3017349243164,3132400
2021-04-19,80.52999877929688,80.87999725341797,80.05999755859375,80.4000015258789,78.08805847167969,2664600
2021-04-20,80.30000305175781,80.48999786376953,79.38999938964844,79.61000061035156,77.32077026367188,3087500
2021-04-21,79.98999786376953,80.37999725341797,79.19000244140625,79.25,76.97113037109375,6537900
2021-04-22,78.2699966430664,79.20999908447266,77.4800033569336,79.04000091552734,76.76716613769531,4507100
2021-04-23,79.16000366210938,79.41999816894531,78.41000366210938,78.69000244140625,76.42723083496094,2392700
2021-04-26,78.69999694824219,79.66000366210938,78.06999969482422,79.55999755859375,77.2721939086914,2194500
2021-04-27,79.47000122070312,80.08999633789062,79.1500015258789,79.94000244140625,77.64128112792969,2855000
2021-04-28,80.0999984741211,80.58000183105469,79.30000305175781,80.18000030517578,77.8743896484375,3170500
2021-04-29,80.73999786376953,81.77999877929688,80.11000061035156,81.36000061035156,79.02046203613281,2249900
2021-04-30,81.0999984741211,81.11000061035156,79.95999908447266,80.4000015258789,78.08805847167969,2849100
2021-05-03,80.72000122070312,82.56999969482422,80.41000366210938,82.19999694824219,79.83628845214844,4333300
2021-05-04,81.5199966430664,82.19999694824219,80.7699966430664,81.25,78.91361236572266,3875800
2021-05-05,81.76000213623047,81.88999938964844,80.4000015258789,81.45999908447266,79.1175765991211,4092900
2021-05-06,75.22000122070312,77.02999877929688,72.16000366210938,75.12000274658203,72.95989227294922,10853300
2021-05-07,75.58000183105469,75.58000183105469,73.94999694824219,74.81999969482422,72.66851043701172,5373900
2021-05-10,74.87000274658203,75.20999908447266,73.83999633789062,74.01000213623047,71.8818130493164,4507200
2021-05-11,73.47000122070312,73.73999786376953,72.02999877929688,72.63999938964844,70.55119323730469,6519800
2021-05-12,71.94999694824219,72.37000274658203,70.62000274658203,70.7300033569336,68.69612121582031,4572200
2021-05-13,71.30000305175781,71.69999694824219,70.95999908447266,71.29000091552734,69.24002075195312,5354000
2021-05-14,71.70999908447266,71.93000030517578,70.8499984741211,71.01000213623047,68.96806335449219,8012600
2021-05-17,71.01000213623047,71.0999984741211,69.4000015258789,70.63999938964844,68.60871124267578,6510200
2021-05-18,70.9000015258789,71.86000061035156,70.33999633789062,70.97000122070312,68.92921447753906,4772000
2021-05-19,69.6500015258789,70.80000305175781,69.63999938964844,70.73999786376953,68.93895721435547,3873300
2021-05-20,70.69000244140625,71.83000183105469,70.33000183105469,71.30000305175781,69.48471069335938,4514600
2021-05-21,71.7300033569336,72.1500015258789,71.08999633789062,71.23999786376953,69.42623901367188,2473600
2021-05-24,71.75,71.88999938964844,71.0,71.0999984741211,69.28978729248047,3217900
2021-05-25,71.30999755859375,71.4000015258789,70.91999816894531,71.0,69.19234466552734,5412000
2021-05-26,71.0199966430664,71.41000366210938,70.75,71.0,69.19234466552734,3862500
2021-05-27,71.12999725341797,71.61000061035156,71.0,71.12000274658203,69.30928802490234,6254200
2021-05-28,71.55000305175781,71.86000061035156,70.9000015258789,71.55999755859375,69.73808288574219,4519800
2021-06-01,71.98999786376953,72.47000122070312,71.0999984741211,71.19000244140625,69.37751007080078,4704200
2021-06-02,71.18000030517578,71.51000213623047,71.0199966430664,71.29000091552734,69.47496795654297,3920400
2021-06-03,71.0,71.16000366210938,70.54000091552734,70.80000305175781,68.99744415283203,9907400
2021-06-04,71.12000274658203,71.61000061035156,70.97000122070312,71.5,69.67962646484375,3429600
2021-06-07,71.66999816894531,71.7699966430664,71.01000213623047,71.30000305175781,69.48471069335938,3892300
2021-06-08,71.2300033569336,71.83000183105469,71.13999938964844,71.44000244140625,69.62114715576172,2713500
2021-06-09,71.9800033569336,71.9800033569336,71.16000366210938,71.25,69.43598175048828,2507200
2021-06-10,71.31999969482422,71.66000366210938,70.87999725341797,71.16999816894531,69.35801696777344,3182600
2021-06-11,71.55999755859375,71.55999755859375,70.91000366210938,71.25,69.43598175048828,4056700
2021-06-14,71.1500015258789,71.29000091552734,70.05999755859375,70.79000091552734,68.98768615722656,6417200
2021-06-15,70.80999755859375,71.5199966430664,70.27999877929688,70.3499984741211,68.55889129638672,2975400
2021-06-16,70.4800033569336,70.83000183105469,69.68000030517578,70.01000213623047,68.22754669189453,3610800
2021-06-17,69.69000244140625,69.87000274658203,68.88999938964844,69.16999816894531,67.40892791748047,2890900
2021-06-18,68.6500015258789,68.80999755859375,68.20999908447266,68.31999969482422,66.58057403564453,5596700
2021-06-21,68.69000244140625,69.83999633789062,68.68000030517578,69.62000274658203,67.84748077392578,3633300
2021-06-22,69.37000274658203,69.69000244140625,69.11000061035156,69.52999877929688,67.759765625,3481300
2021-06-23,69.4000015258789,69.7699966430664,69.06999969482422,69.11000061035156,67.3504638671875,3005600
2021-06-24,69.62000274658203,69.95999908447266,69.2699966430664,69.81999969482422,68.04239654541016,2612600
2021-06-25,69.83000183105469,70.5999984741211,69.61000061035156,70.48999786376953,68.6953353881836,3585500
2021-06-28,70.45999908447266,70.66999816894531,69.91000366210938,70.1500015258789,68.3639907836914,2744400
2021-06-29,70.73999786376953,71.12999725341797,70.36000061035156,70.41999816894531,68.62710571289062,2740800
2021-06-30,69.7699966430664,70.08000183105469,68.61000061035156,69.26000213623047,67.49665832519531,3719600
2021-07-01,69.61000061035156,69.98999786376953,68.94000244140625,69.83999633789062,68.06188201904297,2689100
2021-07-02,70.19999694824219,70.29000091552734,69.54000091552734,69.61000061035156,67.83773803710938,2083900
2021-07-06,69.51000213623047,69.56999969482422,68.37999725341797,68.7300033569336,66.98014068603516,2396000
2021-07-07,68.80999755859375,69.3499984741211,68.69000244140625,68.93000030517578,67.17504119873047,2402200
2021-07-08,68.33000183105469,68.61000061035156,67.37000274658203,68.37000274658203,66.62930297851562,2534000
2021-07-09,68.61000061035156,69.25,68.5,69.13999938964844,67.37969970703125,3290000
2021-07-12,68.9800033569336,69.27999877929688,68.30999755859375,69.25,67.48690795898438,3433900
2021-07-13,69.11000061035156,69.16000366210938,68.33999633789062,68.69999694824219,66.9509048461914,2566700
2021-07-14,69.5999984741211,69.97000122070312,68.87999725341797,69.2300033569336,67.4674072265625,2750500
2021-07-15,69.0,69.23999786376953,68.6500015258789,68.83000183105469,67.07759094238281,2878600
2021-07-16,69.04000091552734,69.2300033569336,68.16999816894531,68.23999786376953,66.50261688232422,2018000
2021-07-19,67.72000122070312,67.87000274658203,66.19000244140625,66.45999908447266,64.76793670654297,3218100
2021-07-20,66.68000030517578,68.0199966430664,66.68000030517578,67.61000061035156,65.88865661621094,3008500
2021-07-21,67.66999816894531,68.0,67.2699966430664,67.75,66.02508544921875,2724800
2021-07-22,68.19999694824219,68.22000122070312,67.44000244140625,68.11000061035156,66.37591552734375,5149000
2021-07-23,68.47000122070312,69.5199966430664,68.45999908447266,69.29000091552734,67.52587890625,2597600
2021-07-26,69.16999816894531,69.76000213623047,68.93000030517578,69.43000030517578,67.66232299804688,2935300
2021-07-27,69.31999969482422,70.05999755859375,68.54000091552734,69.12999725341797,67.36995697021484,3596500
2021-07-28,69.27999877929688,70.13999938964844,68.94000244140625,69.79000091552734,68.0131607055664,3806300
2021-07-29,74.97000122070312,75.9800033569336,73.7699966430664,73.91999816894531,72.03800201416016,7392200
2021-07-30,73.4000015258789,74.4800033569336,73.3499984741211,73.52999877929688,71.65792083740234,3393500
2021-08-02,73.55999755859375,74.33999633789062,73.11000061035156,73.66999816894531,71.79437255859375,3783900
2021-08-03,73.33999633789062,74.9800033569336,73.2300033569336,74.9000015258789,72.99305725097656,3061600
2021-08-04,74.54000091552734,75.05000305175781,73.55000305175781,73.55999755859375,71.68716430664062,3366200
2021-08-05,73.77999877929688,73.87999725341797,73.27999877929688,73.4000015258789,71.53125,1949900
2021-08-06,73.25,73.79000091552734,72.86000061035156,73.0,71.14142608642578,1753800
2021-08-09,73.12000274658203,73.12000274658203,72.30000305175781,72.52999877929688,70.68339538574219,2938700
2021-08-10,72.5999984741211,73.2699966430664,72.30999755859375,73.06999969482422,71.20964050292969,2645400
2021-08-11,73.58999633789062,75.1500015258789,73.19000244140625,75.05000305175781,73.13923645019531,4288200
2021-08-12,75.0199966430664,76.7699966430664,74.94000244140625,76.5199966430664,74.57180786132812,5776700
2021-08-13,76.38999938964844,77.83999633789062,76.36000061035156,77.62999725341797,75.6535415649414,4406100
2021-08-16,77.5,77.81999969482422,76.79000091552734,77.18000030517578,75.21500396728516,2582400
2021-08-17,77.48999786376953,77.5,76.25,77.01000213623047,75.04934692382812,2564900
2021-08-18,76.52999877929688,77.62000274658203,76.41999816894531,76.66999816894531,74.71797180175781,3160100
2021-08-19,76.0999984741211,76.44999694824219,75.37000274658203,75.79000091552734,74.09232330322266,2870800
2021-08-20,75.55999755859375,76.79000091552734,75.33999633789062,76.69999694824219,74.98193359375,2328100
2021-08-23,77.05000305175781,77.86000061035156,76.94000244140625,77.36000061035156,75.62715911865234,3818000
2021-08-24,77.16999816894531,78.11000061035156,76.87000274658203,78.01000213623047,76.26260375976562,3363300
2021-08-25,78.04000091552734,78.36000061035156,77.16000366210938,77.48999786376953,75.75424194335938,3449600
2021-08-26,77.44999694824219,77.44999694824219,76.5,76.9800033569336,75.25566864013672,2357800
2021-08-27,77.30000305175781,77.87000274658203,77.01000213623047,77.23999786376953,75.50984191894531,2266100
2021-08-30,77.37999725341797,77.81999969482422,76.81999969482422,76.8499984741211,75.12857818603516,1724400
2021-08-31,76.97000122070312,76.9800033569336,76.16000366210938,76.30999755859375,74.60066986083984,2948300
2021-09-01,76.5,76.94999694824219,76.13999938964844,76.83000183105469,75.1090316772461,2424900
2021-09-02,77.0,77.33999633789062,76.70999908447266,77.30999755859375,75.57827758789062,2038700
2021-09-03,77.0999984741211,77.0999984741211,76.43000030517578,76.55000305175781,74.8353042602539,1568500
2021-09-07,76.62999725341797,76.91999816894531,76.05000305175781,76.20999908447266,74.5029067993164,1751800
2021-09-08,76.08000183105469,76.7699966430664,75.94000244140625,76.66000366210938,74.94283294677734,2536300
2021-09-09,76.62999725341797,77.05999755859375,76.44000244140625,76.4800033569336,74.7668685913086,1849800
2021-09-10,76.76000213623047,77.1500015258789,76.19000244140625,76.26000213623047,74.55180358886719,1754900
2021-09-13,76.66000366210938,76.81999969482422,75.66000366210938,76.4000015258789,74.68866729736328,1941600
2021-09-14,76.79000091552734,76.87999725341797,75.55999755859375,75.68000030517578,73.98478698730469,1668400
2021-09-15,75.72000122070312,76.72000122070312,75.25,76.4800033569336,74.7668685913086,2681000
2021-09-16,76.4800033569336,76.86000061035156,76.0,76.76000213623047,75.04059600830078,1900200
2021-09-17,76.3499984741211,76.66000366210938,75.19000244140625,75.4800033569336,73.78926849365234,3759300
2021-09-20,74.69999694824219,75.13999938964844,74.04000091552734,75.05999755859375,73.37867736816406,2536400
2021-09-21,75.18000030517578,75.45999908447266,74.4800033569336,74.51000213623047,72.84098815917969,2322200
2021-09-22,74.9800033569336,75.73999786376953,74.83000183105469,75.38999938964844,73.70128631591797,1713200
2021-09-23,75.66999816894531,77.27999877929688,75.2699966430664,77.1500015258789,75.42186737060547,2723600
2021-09-24,76.7699966430664,78.05999755859375,76.75,77.62000274658203,75.88133239746094,2989800
2021-09-27,77.3499984741211,78.29000091552734,76.80999755859375,78.02999877929688,76.28215789794922,2884400
2021-09-28,77.70999908447266,77.83000183105469,76.18000030517578,76.36000061035156,74.6495590209961,2959500
2021-09-29,76.26000213623047,76.55999755859375,75.48999786376953,75.58000183105469,73.88703918457031,2062100
2021-09-30,75.87000274658203,76.12999725341797,74.0199966430664,74.20999908447266,72.54772186279297,2837000
2021-10-01,74.62999725341797,75.68000030517578,73.77999877929688,75.2699966430664,73.58396911621094,2395700
2021-10-04,74.98999786376953,75.44000244140625,73.9000015258789,74.33999633789062,72.67479705810547,1967400
2021-10-05,74.4800033569336,74.94000244140625,73.88999938964844,74.43000030517578,72.7627944946289,1856300
2021-10-06,73.80000305175781,74.88999938964844,73.05000305175781,74.36000061035156,72.6943588256836,2304500
2021-10-07,75.0,75.75,74.91000366210938,75.26000213623047,73.57420349121094,1516900
2021-10-08,75.12999725341797,76.0,75.08000183105469,75.48999786376953,73.79904174804688,2191500
2021-10-11,75.16000366210938,76.41999816894531,75.1500015258789,75.38999938964844,73.70128631591797,1893400
2021-10-12,75.18000030517578,75.66000366210938,74.68000030517578,75.11000061035156,73.42756652832031,2672800
2021-10-13,75.98999786376953,76.58000183105469,75.22000122070312,75.62999725341797,73.93590545654297,2720100
2021-10-14,76.26000213623047,77.80000305175781,76.26000213623047,77.44999694824219,75.71513366699219,2268000
2021-10-15,77.70999908447266,78.95999908447266,77.36000061035156,78.83000183105469,77.0642318725586,5901600
2021-10-18,78.44000244140625,79.06999969482422,77.91000366210938,78.88999938964844,77.12287902832031,2181300
2021-10-19,79.29000091552734,79.91000366210938,78.91999816894531,79.79000091552734,78.00273132324219,1758300
2021-10-20,79.5999984741211,79.7699966430664,78.29000091552734,79.16000366210938,77.38684844970703,1765100
2021-10-21,78.97000122070312,79.19999694824219,78.55000305175781,79.08000183105469,77.30863952636719,1628300
2021-10-22,79.33999633789062,79.79000091552734,78.86000061035156,79.0,77.23043060302734,1726200
2021-10-25,79.1500015258789,79.22000122070312,78.75,78.95999908447266,77.19132232666016,1600400
2021-10-26,79.29000091552734,80.23999786376953,78.68000030517578,78.75,76.98602294921875,3441600
2021-10-27,78.36000061035156,78.4800033569336,76.62999725341797,77.70999908447266,75.96932220458984,4054800
2021-10-28,80.0199966430664,82.0,76.37999725341797,77.31999969482422,75.58805084228516,5048700
2021-10-29,76.91999816894531,78.5999984741211,76.9000015258789,78.08999633789062,76.34080505371094,2616100
2021-11-01,78.0,78.44999694824219,77.69000244140625,78.0,76.25282287597656,1460600
2021-11-02,78.26000213623047,78.69999694824219,77.80000305175781,78.62000274658203,76.85893249511719,2106900
2021-11-03,78.55000305175781,80.0,77.72000122070312,79.6500015258789,77.86585998535156,2841300
2021-11-04,79.7300033569336,80.20999908447266,79.16999816894531,79.54000091552734,77.7583236694336,2257800
2021-11-05,80.0,80.94000244140625,79.66000366210938,79.91000366210938,78.12004852294922,1791900
2021-11-08,80.0,80.52999877929688,79.7300033569336,80.16999816894531,78.37421417236328,1393200
2021-11-09,80.12000274658203,80.69000244140625,79.75,80.51000213623047,78.70660400390625,1787200
2021-11-10,80.5999984741211,81.5,80.52999877929688,80.6500015258789,78.84346771240234,2253500
2021-11-11,80.87999725341797,81.55999755859375,80.58000183105469,81.06999969482422,79.2540512084961,2100000
2021-11-12,81.20999908447266,82.52999877929688,81.06999969482422,81.9800033569336,80.1436767578125,2131000
2021-11-15,82.29000091552734,82.68000030517578,81.72000122070312,81.94999694824219,80.11434936523438,2007700
2021-11-16,82.0,82.54000091552734,81.54000091552734,81.75,79.9188232421875,2006200
2021-11-17,81.37000274658203,81.72000122070312,80.43000030517578,80.98999786376953,79.17584228515625,3018800
2021-11-18,81.5,81.62999725341797,79.56999969482422,81.04000091552734,79.46019744873047,4304800
2021-11-19,81.29000091552734,82.83999633789062,80.6500015258789,81.98999786376953,80.39167022705078,4154400
2021-11-22,82.16999816894531,82.80999755859375,81.23999786376953,81.38999938964844,79.80337524414062,3135200
2021-11-23,81.08999633789062,81.54000091552734,79.95999908447266,80.76000213623047,79.18566131591797,3351500
2021-11-24,79.97000122070312,80.94000244140625,79.54000091552734,80.73999786376953,79.16604614257812,2205600
2021-11-26,80.02999877929688,80.18000030517578,78.0999984741211,78.4000015258789,76.87165069580078,1727600
2021-11-29,79.30999755859375,80.13999938964844,78.5199966430664,79.70999908447266,78.15612030029297,2404200
2021-11-30,79.55000305175781,79.6500015258789,77.47000122070312,77.9800033569336,76.45985412597656,4891600
2021-12-01,79.0,79.44000244140625,76.79000091552734,76.86000061035156,75.36167907714844,3123400
2021-12-02,77.47000122070312,79.72000122070312,76.88999938964844,79.43000030517578,77.88158416748047,3070700
2021-12-03,79.87999725341797,80.0199966430664,77.77999877929688,78.5199966430664,76.98931121826172,3494000
2021-12-06,79.47000122070312,81.29000091552734,78.51000213623047,80.72000122070312,79.14642333984375,2877900
2021-12-07,81.58000183105469,82.38999938964844,81.29000091552734,81.44999694824219,79.86219787597656,2848500
2021-12-08,81.73999786376953,82.18000030517578,81.19999694824219,81.22000122070312,79.63668060302734,2472200
2021-12-09,80.8499984741211,81.23999786376953,80.55999755859375,80.98999786376953,79.4111557006836,2160000
2021-12-10,81.25,82.27999877929688,81.25,82.0999984741211,80.49952697753906,2435900
2021-12-13,82.0,82.38999938964844,81.43000030517578,81.93000030517578,80.33284759521484,2180000
2021-12-14,81.36000061035156,82.70999908447266,81.16999816894531,81.87999725341797,80.28380584716797,2490100
2021-12-15,81.94000244140625,83.05000305175781,81.2300033569336,82.9000015258789,81.283935546875,2938000
2021-12-16,84.29000091552734,85.33999633789062,83.62000274658203,84.68000030517578,83.02923583984375,5230400
2021-12-17,84.2699966430664,85.94000244140625,84.04000091552734,84.81999969482422,83.16651153564453,7361900
2021-12-20,83.62000274658203,84.06999969482422,81.8499984741211,82.91000366210938,81.29374694824219,2055300
2021-12-21,83.5199966430664,85.30999755859375,83.36000061035156,85.19999694824219,83.5390853881836,2186100
2021-12-22,84.91999816894531,85.97000122070312,84.83000183105469,85.9000015258789,84.22544860839844,1947200
2021-12-23,86.05000305175781,86.97000122070312,85.93000030517578,86.29000091552734,84.60784912109375,1647300
2021-12-27,86.44000244140625,88.18000030517578,86.36000061035156,88.08999633789062,86.37274932861328,1883500
2021-12-28,88.2699966430664,88.88999938964844,87.98999786376953,88.7300033569336,87.00028991699219,1516500
2021-12-29,88.68000030517578,90.08000183105469,88.5199966430664,89.58999633789062,87.84351348876953,2060900
2021-12-30,89.58999633789062,89.94999694824219,88.83000183105469,88.94000244140625,87.20619201660156,1412700
2021-12-31,88.72000122070312,89.16999816894531,88.6500015258789,88.72000122070312,86.990478515625,1356500
2022-01-03,88.68000030517578,89.97000122070312,88.38999938964844,89.56999969482422,87.82389831542969,2673800
2022-01-04,89.56999969482422,92.02999877929688,89.55000305175781,91.41999816894531,89.6378402709961,2702700
2022-01-05,91.41999816894531,91.91999816894531,89.9800033569336,90.0199966430664,88.26512908935547,2523700
2022-01-06,90.08999633789062,90.69999694824219,87.98999786376953,88.2300033569336,86.5100326538086,3207600
2022-01-07,88.16999816894531,88.16999816894531,86.9800033569336,87.41999816894531,85.71581268310547,2755000
2022-01-10,85.93000030517578,86.75,84.88999938964844,86.68000030517578,84.990234375,3504400
2022-01-11,86.5,88.02999877929688,85.5199966430664,87.97000122070312,86.25508880615234,2797400
2022-01-12,88.44000244140625,89.61000061035156,87.62000274658203,88.06999969482422,86.35314178466797,2858300
2022-01-13,88.11000061035156,88.4800033569336,87.0199966430664,87.19999694824219,85.50010681152344,2556600
2022-01-14,86.0,87.30999755859375,85.97000122070312,87.19999694824219,85.50010681152344,2327000
2022-01-18,85.5199966430664,86.80000305175781,85.38999938964844,86.19000244140625,84.50979614257812,2345900
2022-01-19,86.26000213623047,87.02999877929688,85.9000015258789,86.04000091552734,84.36272430419922,2626000
2022-01-20,86.27999877929688,87.55999755859375,85.62000274658203,85.69000244140625,84.01954650878906,2453400
2022-01-21,86.16999816894531,86.93000030517578,84.12999725341797,84.26000213623047,82.61742401123047,4225700
2022-01-24,84.91999816894531,85.19999694824219,81.79000091552734,85.0999984741211,83.4410400390625,5056100
2022-01-25,83.95999908447266,84.1500015258789,82.06999969482422,82.25,80.64659881591797,3805900
2022-01-26,82.66999816894531,84.06999969482422,80.97000122070312,81.83000183105469,80.23479461669922,2866600
2022-01-27,82.31999969482422,83.93000030517578,81.30000305175781,81.79000091552734,80.19557189941406,2837800
2022-01-28,81.79000091552734,84.47000122070312,81.2300033569336,84.44000244140625,82.79391479492188,2491400
2022-01-31,84.18000030517578,85.58999633789062,83.69000244140625,85.41999816894531,83.75481414794922,4080700
2022-02-01,85.37999725341797,86.54000091552734,84.79000091552734,86.41999816894531,84.73531341552734,3224300
2022-02-02,86.3499984741211,88.43000030517578,86.29000091552734,88.23999786376953,86.51983642578125,4075600
2022-02-03,87.23999786376953,87.55999755859375,84.2699966430664,86.05999755859375,84.38233184814453,3680600
2022-02-04,85.55999755859375,87.19999694824219,84.86000061035156,86.81999969482422,85.12752532958984,3105500
2022-02-07,87.19000244140625,88.52999877929688,86.20999908447266,87.73999786376953,86.02958679199219,3003400
2022-02-08,87.73999786376953,89.44000244140625,87.54000091552734,89.16999816894531,87.43171691894531,2786300
2022-02-09,90.05000305175781,91.87000274658203,89.8499984741211,91.69000244140625,89.90258026123047,3760600
2022-02-10,90.0,92.44000244140625,89.6500015258789,90.25,88.49064636230469,3886200
2022-02-11,90.23999786376953,90.5199966430664,87.04000091552734,87.33999633789062,85.63738250732422,3480500
2022-02-14,87.4000015258789,87.54000091552734,84.9800033569336,86.23999786376953,84.55883026123047,3006700
2022-02-15,87.1500015258789,89.1500015258789,86.83000183105469,89.05999755859375,87.32384490966797,3240800
2022-02-16,88.54000091552734,89.68000030517578,87.95999908447266,89.41999816894531,87.67682647705078,3161100
2022-02-17,88.4000015258789,88.62000274658203,85.75,85.91999816894531,84.50019836425781,2800500
2022-02-18,85.73999786376953,87.0199966430664,85.7300033569336,86.36000061035156,84.93293762207031,2553000
2022-02-22,86.16999816894531,86.79000091552734,84.3499984741211,85.2699966430664,83.86094665527344,2568000
2022-02-23,85.68000030517578,86.5199966430664,84.44000244140625,84.6500015258789,83.2511978149414,2943600
2022-02-24,82.68000030517578,86.4000015258789,82.36000061035156,86.08000183105469,84.65755462646484,3855800
2022-02-25,86.29000091552734,88.08000183105469,85.94999694824219,88.04000091552734,86.58516693115234,2892500
2022-02-28,86.5,87.0199966430664,84.9800033569336,86.12999725341797,84.70673370361328,3835600
2022-03-01,85.58000183105469,86.54000091552734,84.41000366210938,85.80000305175781,84.38218688964844,3327500
2022-03-02,86.51000213623047,88.7699966430664,86.27999877929688,88.19000244140625,86.73269653320312,4074100
2022-03-03,88.73999786376953,89.66999816894531,86.81999969482422,87.93000030517578,86.47698974609375,4163700
2022-03-04,87.22000122070312,89.0199966430664,86.47000122070312,88.87999725341797,87.41129302978516,3072300
2022-03-07,88.62000274658203,89.08999633789062,86.58999633789062,86.5999984741211,85.1689682006836,4496300
2022-03-08,85.79000091552734,88.8499984741211,85.79000091552734,87.4800033569336,86.034423828125,4234800
2022-03-09,88.97000122070312,90.30000305175781,87.63999938964844,87.95999908447266,86.5064926147461,4135700
2022-03-10,86.80999755859375,88.06999969482422,85.81999969482422,87.66000366210938,86.21145629882812,2363500
2022-03-11,88.19999694824219,89.5,87.95999908447266,88.04000091552734,86.58516693115234,3576100
2022-03-14,88.2699966430664,89.19999694824219,87.20999908447266,87.43000030517578,85.9852523803711,4156800
2022-03-15,88.13999938964844,88.5199966430664,86.87999725341797,88.16999816894531,86.71302795410156,3190100
2022-03-16,88.45999908447266,89.7300033569336,87.29000091552734,89.69999694824219,88.21772766113281,3588300
2022-03-17,89.22000122070312,90.63999938964844,88.6500015258789,90.58000183105469,89.08319854736328,2305600
2022-03-18,90.41999816894531,91.83000183105469,89.30000305175781,91.72000122070312,90.2043685913086,4435000
2022-03-21,91.30999755859375,92.2699966430664,90.80999755859375,91.38999938964844,89.87981414794922,2245100
2022-03-22,91.80999755859375,93.47000122070312,91.73999786376953,93.12000274658203,91.58123016357422,2623600
2022-03-23,92.7699966430664,93.0,90.8499984741211,90.95999908447266,89.45691680908203,2448300
2022-03-24,91.16999816894531,91.91000366210938,90.6500015258789,91.19000244140625,89.6831283569336,2768200
2022-03-25,91.30999755859375,91.61000061035156,90.04000091552734,91.51000213623047,89.99783325195312,2205900
2022-03-28,91.44999694824219,92.23999786376953,90.87999725341797,91.54000091552734,90.02733612060547,3229000
2022-03-29,91.72000122070312,92.98999786376953,91.54000091552734,92.7300033569336,91.19767761230469,2483300
2022-03-30,92.45999908447266,92.80000305175781,91.05000305175781,91.38999938964844,89.87981414794922,2254600
2022-03-31,91.19999694824219,91.83999633789062,89.66000366210938,89.66999816894531,88.18822479248047,3228100
2022-04-01,90.01000213623047,90.37999725341797,89.41000366210938,90.01000213623047,88.52262115478516,2014800
2022-04-04,90.11000061035156,90.51000213623047,89.33999633789062,90.0199966430664,88.53245544433594,2086000
2022-04-05,89.37000274658203,89.62999725341797,86.18000030517578,86.80000305175781,85.36566925048828,4007500
2022-04-06,85.98999786376953,87.37000274658203,85.55000305175781,86.91000366210938,85.47384643554688,2239700
2022-04-07,86.7300033569336,88.4800033569336,86.44000244140625,87.80999755859375,86.35897064208984,1956000
2022-04-08,87.61000061035156,89.31999969482422,87.12999725341797,88.95999908447266,87.48995971679688,2406800
2022-04-11,88.61000061035156,89.23999786376953,87.11000061035156,87.20999908447266,85.76888275146484,1882000
2022-04-12,87.98999786376953,88.66999816894531,85.86000061035156,86.08999633789062,84.66738891601562,2295900
2022-04-13,85.8499984741211,86.80000305175781,85.06999969482422,86.05999755859375,84.63788604736328,3249200
2022-04-14,86.06999969482422,86.37999725341797,84.58000183105469,84.73999786376953,83.33970642089844,2616000
2022-04-18,84.55000305175781,85.41999816894531,84.06999969482422,84.61000061035156,83.21186065673828,1570900
2022-04-19,84.33000183105469,85.94999694824219,84.33000183105469,85.73999786376953,84.32317352294922,1790100
2022-04-20,86.54000091552734,87.2699966430664,86.02999877929688,86.20999908447266,84.78540802001953,2638300
2022-04-21,86.81999969482422,88.79000091552734,86.12999725341797,86.41999816894531,84.99195098876953,2291600
2022-04-22,86.30999755859375,86.3499984741211,82.93000030517578,83.16000366210938,81.78582000732422,3160400
2022-04-25,83.16000366210938,84.5199966430664,82.5199966430664,84.45999908447266,83.06433868408203,3720600
2022-04-26,83.80999755859375,84.16000366210938,81.97000122070312,82.2699966430664,80.91051483154297,3345400
2022-04-27,82.25,84.44999694824219,82.25,82.83999633789062,81.47109985351562,3258600
2022-04-28,83.69999694824219,84.43000030517578,82.77999877929688,83.97000122070312,82.58242797851562,3233600
2022-04-29,83.7699966430664,84.0,80.87000274658203,80.9000015258789,79.56316375732422,4299600
2022-05-02,80.94999694824219,81.86000061035156,79.45999908447266,80.66999816894531,79.33695983886719,4755200
2022-05-03,80.98999786376953,81.91000366210938,80.79000091552734,81.55000305175781,80.2024154663086,3675400
2022-05-04,81.8499984741211,84.41000366210938,80.22000122070312,84.36000061035156,82.96598052978516,4087400
2022-05-05,78.75,80.06999969482422,72.48999786376953,73.5999984741211,72.3837890625,5034000
2022-05-06,73.02999877929688,75.66999816894531,72.5999984741211,75.5199966430664,74.27206420898438,3904700
2022-05-09,74.76000213623047,77.48999786376953,74.26000213623047,76.2699966430664,75.0096664428711,4522700
2022-05-10,77.23999786376953,77.61000061035156,73.91999816894531,74.44000244140625,73.20990753173828,3435000
2022-05-11,74.58000183105469,74.66999816894531,72.11000061035156,72.37999725341797,71.18395233154297,3219700
2022-05-12,71.81999969482422,73.86000061035156,71.76000213623047,73.54000091552734,72.32478332519531,3465200
2022-05-13,73.88999938964844,74.7300033569336,72.9800033569336,73.37999725341797,72.16741943359375,3455000
2022-05-16,73.47000122070312,73.58000183105469,72.38999938964844,72.58000183105469,71.3806381225586,4430000
2022-05-17,73.79000091552734,75.29000091552734,73.6500015258789,75.11000061035156,73.86883544921875,3055600
2022-05-18,74.22000122070312,74.66000366210938,70.12999725341797,70.2300033569336,69.0694808959961,4770100
2022-05-19,70.11000061035156,71.55000305175781,69.44000244140625,70.31999969482422,69.42489624023438,3236600
2022-05-20,71.0999984741211,71.45999908447266,69.3499984741211,70.83000183105469,69.92839813232422,2932600
2022-05-23,71.5199966430664,72.12000274658203,70.69999694824219,71.83999633789062,70.925537109375,2533000
2022-05-24,70.19000244140625,71.95999908447266,70.19000244140625,71.4000015258789,70.49114227294922,2867900
2022-05-25,70.83000183105469,72.08999633789062,70.52999877929688,71.69000244140625,70.77745056152344,2899000
2022-05-26,72.12999725341797,73.29000091552734,72.12999725341797,72.73999786376953,71.8140869140625,2654500
2022-05-27,73.2300033569336,74.73999786376953,73.2300033569336,74.7300033569336,73.77876281738281,2524500
2022-05-31,74.25,75.0999984741211,73.56999969482422,74.69999694824219,73.74913787841797,4678300
2022-06-01,75.04000091552734,75.4000015258789,74.04000091552734,74.18000030517578,73.23575592041016,2332500
2022-06-02,74.2300033569336,74.9800033569336,73.3499984741211,74.95999908447266,74.0058364868164,2535000
2022-06-03,73.87999725341797,74.45999908447266,73.19999694824219,73.55999755859375,72.62364196777344,2289800
2022-06-06,74.25,74.54000091552734,73.51000213623047,73.87999725341797,72.93956756591797,2051000
2022-06-07,73.20999908447266,74.27999877929688,72.9800033569336,74.08999633789062,73.14690399169922,2237400
2022-06-08,73.72000122070312,74.18000030517578,72.75,73.11000061035156,72.17937469482422,1654600
2022-06-09,72.88999938964844,73.20999908447266,70.73999786376953,70.7699966430664,69.8691635131836,2299700
2022-06-10,69.55999755859375,70.56999969482422,68.93000030517578,69.91000366210938,69.0201187133789,3390200
2022-06-13,68.38999938964844,69.81999969482422,67.44999694824219,67.88999938964844,67.02582550048828,4411300
2022-06-14,68.41999816894531,68.41999816894531,67.1500015258789,67.87000274658203,67.0060806274414,2372700
2022-06-15,68.54000091552734,69.47000122070312,67.45999908447266,68.48999786376953,67.61817932128906,2524600
2022-06-16,67.0999984741211,67.25,65.23999786376953,65.79000091552734,64.95256042480469,3612800
2022-06-17,66.23999786376953,67.01000213623047,65.43000030517578,66.5,65.65351867675781,5343600
2022-06-21,67.95999908447266,68.37000274658203,67.18000030517578,67.75,66.88760375976562,3415300
2022-06-22,66.9800033569336,68.05999755859375,66.68000030517578,67.4800033569336,66.62104797363281,3065600
2022-06-23,67.87000274658203,68.23999786376953,66.83999633789062,67.37999725341797,66.5223159790039,3215500
2022-06-24,68.1500015258789,70.31999969482422,68.0,70.26000213623047,69.36565399169922,3280400
2022-06-27,70.66999816894531,70.66999816894531,69.43000030517578,69.91000366210938,69.0201187133789,2530200
2022-06-28,69.97000122070312,70.44000244140625,68.0199966430664,68.11000061035156,67.24302673339844,2856900
2022-06-29,68.33999633789062,68.77999877929688,67.76000213623047,68.4800033569336,67.60832214355469,2026200
2022-06-30,67.56999969482422,68.31999969482422,67.05000305175781,67.48999786376953,66.63091278076172,2668300
2022-07-01,67.43000030517578,68.2300033569336,66.72000122070312,68.02999877929688,67.16404724121094,2006500
2022-07-05,67.44000244140625,67.7699966430664,66.08999633789062,67.72000122070312,66.85798645019531,3076400
2022-07-06,68.45999908447266,68.7699966430664,67.68000030517578,68.0199966430664,67.15416717529297,2668900
2022-07-07,68.2300033569336,68.4000015258789,66.69000244140625,67.58000183105469,66.71977233886719,3838300
2022-07-08,67.5999984741211,67.66999816894531,66.4800033569336,67.0199966430664,66.1668930053711,3234500
2022-07-11,66.43000030517578,66.44999694824219,65.13999938964844,65.69999694824219,64.86370086669922,3477800
2022-07-12,65.93000030517578,66.4800033569336,64.76000213623047,65.1500015258789,64.3207015991211,3475700
2022-07-13,64.27999877929688,65.3499984741211,63.810001373291016,65.04000091552734,64.21210479736328,3628300
2022-07-14,64.01000213623047,64.69000244140625,63.2599983215332,64.45999908447266,63.63948440551758,3173000
2022-07-15,65.44999694824219,65.91000366210938,64.72000122070312,65.86000061035156,65.02165985107422,7912900
2022-07-18,66.22000122070312,66.62000274658203,64.86000061035156,65.0999984741211,64.2713394165039,2998100
2022-07-19,66.0999984741211,67.51000213623047,65.69999694824219,67.41999816894531,66.56180572509766,3281900
2022-07-20,67.56999969482422,68.22000122070312,67.12999725341797,68.12000274658203,67.2529067993164,2701700
2022-07-21,68.19000244140625,69.01000213623047,67.93000030517578,68.9800033569336,68.10195922851562,2226900
2022-07-22,69.05000305175781,69.58000183105469,68.70999908447266,69.0999984741211,68.22042083740234,3616700
2022-07-25,69.20999908447266,69.33000183105469,67.7699966430664,68.22000122070312,67.35162353515625,2584400
2022-07-26,67.8499984741211,68.58000183105469,67.58000183105469,68.06999969482422,67.20352935791016,2825100
2022-07-27,68.41000366210938,70.54000091552734,68.20999908447266,70.30000305175781,69.4051513671875,4437100
2022-07-28,65.04000091552734,67.83999633789062,65.04000091552734,66.83000183105469,65.97932434082031,5442700
2022-07-29,67.20999908447266,68.01000213623047,66.73999786376953,67.95999908447266,67.09492492675781,6000000
2022-08-01,67.76000213623047,68.80999755859375,67.5199966430664,67.62000274658203,66.75926208496094,4960700
2022-08-02,67.62000274658203,68.11000061035156,66.36000061035156,67.56999969482422,66.70989990234375,3480700
2022-08-03,68.0999984741211,69.08999633789062,67.75,68.7300033569336,67.85513305664062,3044800
2022-08-04,68.73999786376953,69.12000274658203,68.06999969482422,68.73999786376953,67.86500549316406,3468000
2022-08-05,67.87000274658203,68.77999877929688,67.37999725341797,68.72000122070312,67.84526062011719,2002600
2022-08-08,69.08999633789062,69.66000366210938,68.41999816894531,68.81999969482422,67.94397735595703,2189100
2022-08-09,68.61000061035156,68.75,67.9800033569336,68.11000061035156,67.24302673339844,1990400
2022-08-10,69.2699966430664,69.69000244140625,68.75,69.04000091552734,68.16118621826172,2825800
2022-08-11,69.36000061035156,69.51000213623047,68.47000122070312,68.72000122070312,67.84526062011719,2986100
2022-08-12,69.19000244140625,69.97000122070312,69.01000213623047,69.77999877929688,68.89176940917969,3390100
2022-08-15,69.4800033569336,70.20999908447266,69.4000015258789,69.69999694824219,68.81277465820312,2116800
2022-08-16,69.77999877929688,70.41000366210938,69.30000305175781,69.94000244140625,69.04972839355469,2845100
2022-08-17,69.44000244140625,69.80999755859375,68.75,68.9000015258789,68.0229721069336,2570900
2022-08-18,68.62999725341797,69.30999755859375,68.3499984741211,69.12999725341797,68.51854705810547,1799000
2022-08-19,68.80000305175781,68.95999908447266,68.19999694824219,68.5999984741211,67.99323272705078,2139400
2022-08-22,67.51000213623047,68.11000061035156,66.51000213623047,66.91000366210938,66.31818389892578,1905300
2022-08-23,66.79000091552734,66.97000122070312,66.0,66.0199966430664,65.43605041503906,1603600
2022-08-24,65.98999786376953,66.19999694824219,65.5,65.9800033569336,65.39640808105469,2384800
2022-08-25,66.20999908447266,67.04000091552734,66.08999633789062,67.02999877929688,66.43711853027344,1799000
2022-08-26,67.11000061035156,67.1500015258789,64.58000183105469,64.69999694824219,64.12772369384766,2350900
2022-08-29,64.33000183105469,64.94999694824219,64.16000366210938,64.26000213623047,63.69162368774414,2583800
2022-08-30,64.4000015258789,64.66000366210938,63.619998931884766,64.20999908447266,63.642059326171875,3472800
2022-08-31,64.66000366210938,65.06999969482422,63.150001525878906,63.16999816894531,62.61125946044922,3029800
2022-09-01,62.810001373291016,63.47999954223633,62.20000076293945,63.439998626708984,62.87887191772461,2149900
2022-09-02,63.97999954223633,64.08999633789062,62.04999923706055,62.33000183105469,61.778690338134766,1819200
2022-09-06,62.47999954223633,62.619998931884766,61.59000015258789,62.220001220703125,61.6696662902832,2767900
2022-09-07,62.470001220703125,63.959999084472656,62.310001373291016,63.66999816894531,63.10683822631836,2290300
2022-09-08,63.150001525878906,64.36000061035156,62.939998626708984,64.3499984741211,63.780818939208984,2567900
2022-09-09,64.72000122070312,65.69000244140625,64.52999877929688,65.51000213623047,64.9305648803711,2261200
2022-09-12,66.11000061035156,66.58999633789062,65.9800033569336,66.31999969482422,65.7333984375,1968700
2022-09-13,64.41999816894531,65.08000183105469,62.59000015258789,62.83000183105469,62.274269104003906,3832200
2022-09-14,62.93000030517578,62.93000030517578,61.720001220703125,62.029998779296875,61.48134231567383,3301500
2022-09-15,61.83000183105469,63.22999954223633,61.72999954223633,62.040000915527344,61.49125671386719,3196600
2022-09-16,61.529998779296875,62.63999938964844,60.84000015258789,62.20000076293945,61.64984130859375,6272100
2022-09-19,61.7599983215332,63.470001220703125,61.68000030517578,63.209999084472656,62.65090560913086,3635500
2022-09-20,62.720001220703125,62.900001525878906,61.599998474121094,61.959999084472656,61.41196060180664,2193600
2022-09-21,62.36000061035156,62.810001373291016,60.060001373291016,60.08000183105469,59.54859161376953,4066700
2022-09-22,59.970001220703125,60.540000915527344,59.630001068115234,59.79999923706055,59.27106475830078,3844900
2022-09-23,59.43000030517578,59.560001373291016,58.130001068115234,58.849998474121094,58.3294677734375,3006300
2022-09-26,58.779998779296875,59.400001525878906,58.380001068115234,58.689998626708984,58.17088317871094,2733100
2022-09-27,59.099998474121094,59.63999938964844,57.68000030517578,57.970001220703125,57.45725631713867,2753500
2022-09-28,58.150001525878906,59.599998474121094,57.70000076293945,59.2599983215332,58.735843658447266,4517100
2022-09-29,58.68000030517578,58.90999984741211,57.66999816894531,58.45000076293945,57.93301010131836,4541800
2022-09-30,58.560001373291016,58.91999816894531,57.41999816894531,57.439998626708984,56.931941986083984,3851500
2022-10-03,58.2400016784668,59.599998474121094,57.630001068115234,59.029998779296875,58.507877349853516,4771500
2022-10-04,59.70000076293945,61.0099983215332,59.65999984741211,60.65999984741211,60.12345886230469,5067700
2022-10-05,60.060001373291016,61.150001525878906,59.720001220703125,60.630001068115234,60.093727111816406,4690700
2022-10-06,60.36000061035156,60.439998626708984,59.459999084472656,59.709999084472656,59.181861877441406,2823100
2022-10-07,59.150001525878906,59.150001525878906,58.04999923706055,58.4900016784668,57.97265625,3675600
2022-10-10,59.04999923706055,59.119998931884766,57.81999969482422,58.150001525878906,57.63566589355469,2919200
2022-10-11,57.86000061035156,58.029998779296875,56.939998626708984,57.220001220703125,56.713890075683594,3216400
2022-10-12,57.279998779296875,57.38999938964844,56.72999954223633,56.75,56.248043060302734,2584300
2022-10-13,55.61000061035156,59.290000915527344,55.400001525878906,58.95000076293945,58.4285888671875,5212100
2022-10-14,59.18000030517578,59.61000061035156,58.310001373291016,58.599998474121094,58.08168029785156,3275700
2022-10-17,59.790000915527344,60.31999969482422,59.439998626708984,59.880001068115234,59.350364685058594,3551100
2022-10-18,61.060001373291016,61.81999969482422,60.2599983215332,60.720001220703125,60.18292999267578,4462900
2022-10-19,60.20000076293945,60.68000030517578,59.220001220703125,59.810001373291016,59.280982971191406,2356600
2022-10-20,60.029998779296875,61.150001525878906,59.630001068115234,59.779998779296875,59.251243591308594,3122200
2022-10-21,59.11000061035156,60.47999954223633,58.83000183105469,60.279998779296875,59.746822357177734,7847000
2022-10-24,60.75,61.2599983215332,60.2400016784668,60.7599983215332,60.22257614135742,4285900
2022-10-25,60.619998931884766,61.52000045776367,60.560001373291016,61.47999954223633,60.93621063232422,3214900
2022-10-26,61.34000015258789,62.83000183105469,61.310001373291016,61.650001525878906,61.104705810546875,2249800
2022-10-27,61.86000061035156,62.220001220703125,61.45000076293945,61.81999969482422,61.27320098876953,2543400
2022-10-28,61.869998931884766,63.09000015258789,61.83000183105469,63.02000045776367,62.462589263916016,2871800
2022-10-31,62.43000030517578,62.63999938964844,61.849998474121094,62.25,61.699398040771484,3759100
2022-11-01,62.709999084472656,63.0099983215332,62.04999923706055,62.529998779296875,61.97692108154297,2427000
2022-11-02,62.369998931884766,62.84000015258789,60.209999084472656,60.2599983215332,59.72699737548828,3989100
2022-11-03,52.11000061035156,53.7400016784668,51.33000183105469,51.959999084472656,51.50041198730469,8195500
2022-11-04,52.61000061035156,53.52000045776367,51.439998626708984,52.630001068115234,52.16448974609375,5169200
2022-11-07,52.91999816894531,53.849998474121094,52.47999954223633,53.75,53.27458190917969,5007300
2022-11-08,54.08000183105469,54.58000183105469,52.72999954223633,53.220001220703125,52.749271392822266,4411400
2022-11-09,52.90999984741211,54.45000076293945,52.7400016784668,54.02000045776367,53.54219436645508,5199500
2022-11-10,56.119998931884766,57.40999984741211,55.20000076293945,57.290000915527344,56.78327178955078,5478600
2022-11-11,57.59000015258789,58.77000045776367,57.380001068115234,58.41999816894531,57.90327072143555,3611000
2022-11-14,58.119998931884766,58.86000061035156,58.02000045776367,58.08000183105469,57.5662841796875,5063300
2022-11-15,59.15999984741211,60.02000045776367,58.599998474121094,59.959999084472656,59.42965316772461,5668600
2022-11-16,59.849998474121094,59.939998626708984,59.20000076293945,59.40999984741211,58.884517669677734,6229600
2022-11-17,58.040000915527344,60.02000045776367,58.0,59.470001220703125,59.21309280395508,4762000
2022-11-18,60.22999954223633,60.529998779296875,59.290000915527344,59.970001220703125,59.710933685302734,4813400
2022-11-21,59.65999984741211,59.7599983215332,57.959999084472656,58.20000076293945,57.948577880859375,2686200
2022-11-22,58.56999969482422,59.369998931884766,58.34000015258789,59.22999954223633,58.97412872314453,2764700
2022-11-23,59.060001373291016,60.310001373291016,59.02000045776367,60.029998779296875,59.77067184448242,3623200
2022-11-25,60.18000030517578,61.279998779296875,60.130001068115234,60.91999816894531,60.65682601928711,1607400
2022-11-28,60.52000045776367,61.18000030517578,60.0,60.099998474121094,59.840370178222656,3792600
2022-11-29,59.91999816894531,60.52000045776367,59.380001068115234,59.619998931884766,59.36244201660156,2184800
2022-11-30,59.56999969482422,62.34000015258789,59.380001068115234,62.209999084472656,61.941253662109375,4581900
2022-12-01,62.59000015258789,63.58000183105469,62.290000915527344,62.619998931884766,62.349483489990234,2682600
2022-12-02,61.619998931884766,62.880001068115234,61.540000915527344,62.38999938964844,62.12047576904297,3132200
2022-12-05,61.7599983215332,62.04999923706055,60.31999969482422,60.45000076293945,60.18885803222656,3480500
2022-12-06,60.310001373291016,60.65999984741211,59.04999923706055,59.63999938964844,59.382354736328125,2494000
2022-12-07,59.939998626708984,60.11000061035156,59.209999084472656,59.400001525878906,59.143394470214844,2577200
2022-12-08,59.38999938964844,59.810001373291016,58.95000076293945,59.29999923706055,59.043827056884766,4565700
2022-12-09,59.099998474121094,59.189998626708984,57.560001373291016,58.34000015258789,58.087974548339844,6282300
2022-12-12,58.18000030517578,59.36000061035156,57.779998779296875,59.040000915527344,58.784950256347656,7712100
2022-12-13,61.47999954223633,61.630001068115234,58.86000061035156,59.18000030517578,58.92434310913086,5222000
2022-12-14,59.209999084472656,59.75,57.70000076293945,58.22999954223633,57.97844696044922,4461400
2022-12-15,56.790000915527344,57.279998779296875,55.61000061035156,56.349998474121094,56.1065673828125,4896000
2022-12-16,55.810001373291016,55.970001220703125,54.95000076293945,55.560001373291016,55.319984436035156,8720800
2022-12-19,55.63999938964844,55.9900016784668,54.810001373291016,54.97999954223633,54.742488861083984,3315400
2022-12-20,54.880001068115234,55.599998474121094,54.59000015258789,55.040000915527344,54.80223083496094,4526000
2022-12-21,55.43000030517578,56.130001068115234,55.38999938964844,55.630001068115234,55.38968276977539,3954900
2022-12-22,55.06999969482422,55.47999954223633,54.25,55.459999084472656,55.22041320800781,4040600
2022-12-23,54.9900016784668,56.060001373291016,54.9900016784668,56.02000045776367,55.77799606323242,2155800
2022-12-27,55.970001220703125,56.59000015258789,55.58000183105469,56.47999954223633,56.23600769042969,3434700
2022-12-28,56.630001068115234,56.90999984741211,55.47999954223633,55.58000183105469,55.33989715576172,4965200
2022-12-29,56.209999084472656,57.36000061035156,56.060001373291016,57.130001068115234,56.883201599121094,7796600
2022-12-30,56.630001068115234,57.220001220703125,56.31999969482422,57.189998626708984,56.94293975830078,5540600
2023-01-03,57.63999938964844,58.099998474121094,57.060001373291016,57.59000015258789,57.34121322631836,2635800
2023-01-04,58.2400016784668,58.630001068115234,57.619998931884766,58.060001373291016,57.80918502807617,3066600
2023-01-05,57.0,57.630001068115234,56.779998779296875,57.56999969482422,57.3213005065918,2682600
2023-01-06,57.939998626708984,59.93000030517578,57.83000183105469,59.75,59.49188232421875,4411600
2023-01-09,58.56999969482422,61.150001525878906,58.560001373291016,60.86000061035156,60.59708786010742,6787100
2023-01-10,60.54999923706055,61.25,59.779998779296875,61.209999084472656,60.94557571411133,6993900
2023-01-11,61.689998626708984,62.209999084472656,61.029998779296875,61.5,61.23432159423828,4884600
2023-01-12,62.20000076293945,67.41000366210938,62.119998931884766,65.0999984741211,64.81877136230469,11756000
2023-01-13,64.38999938964844,65.0999984741211,63.709999084472656,64.05999755859375,63.783260345458984,5249500
2023-01-17,63.9900016784668,64.05999755859375,62.880001068115234,62.959999084472656,62.68801498413086,5486000
2023-01-18,63.0,63.279998779296875,60.84000015258789,60.9900016784668,60.72652816772461,5985400
2023-01-19,60.52000045776367,61.709999084472656,60.290000915527344,61.369998931884766,61.104881286621094,4856900
2023-01-20,61.77000045776367,63.08000183105469,61.38999938964844,62.7400016784668,62.46896743774414,10647300
2023-01-23,62.630001068115234,64.48999786376953,62.5099983215332,64.23999786376953,63.96248245239258,4119900
2023-01-24,63.970001220703125,64.5199966430664,63.65999984741211,63.91999816894531,63.64386749267578,3226800
2023-01-25,63.16999816894531,64.23999786376953,62.86000061035156,64.13999938964844,63.8629150390625,3932700
2023-01-26,64.66000366210938,64.72000122070312,63.689998626708984,64.66000366210938,64.38067626953125,3229500
2023-01-27,64.66000366210938,65.83999633789062,64.2699966430664,65.70999908447266,65.42613220214844,3849100
2023-01-30,65.04000091552734,65.9000015258789,64.94999694824219,65.2699966430664,64.98802947998047,7492900
2023-01-31,65.19999694824219,66.77999877929688,65.06999969482422,66.75,66.46163940429688,4195500
2023-02-01,66.37000274658203,69.29000091552734,66.16999816894531,68.83999633789062,68.54261016845703,5728700
2023-02-02,69.4800033569336,70.86000061035156,69.26000213623047,70.66000366210938,70.35475158691406,5879400
2023-02-03,66.0199966430664,69.44000244140625,65.98999786376953,68.22000122070312,67.92529296875,7388400
2023-02-06,67.5199966430664,68.37999725341797,66.63999938964844,66.83000183105469,66.54129791259766,5334700
2023-02-07,66.48999786376953,67.81999969482422,66.1500015258789,67.5199966430664,67.22830963134766,4132300
2023-02-08,67.13999938964844,67.38999938964844,66.2300033569336,66.30000305175781,66.01358795166016,3862400
2023-02-09,66.69999694824219,67.6500015258789,66.26000213623047,66.62999725341797,66.34215545654297,5366400
2023-02-10,65.9800033569336,66.75,65.4800033569336,66.72000122070312,66.43177032470703,3282100
2023-02-13,66.6500015258789,68.01000213623047,66.4000015258789,67.83000183105469,67.53697967529297,5427900
2023-02-14,67.58999633789062,67.70999908447266,66.0,67.41000366210938,67.1187973022461,3674700
2023-02-15,66.8499984741211,67.33000183105469,66.5999984741211,67.12999725341797,66.83999633789062,3175700
2023-02-16,66.05999755859375,67.19999694824219,65.87000274658203,66.36000061035156,66.36000061035156,3067800
2023-02-17,66.05999755859375,66.19000244140625,65.06999969482422,65.4800033569336,65.4800033569336,3784900
2023-02-21,64.61000061035156,64.88999938964844,63.77000045776367,64.66000366210938,64.66000366210938,3808500
2023-02-22,64.75,65.13999938964844,64.18000030517578,64.44000244140625,64.44000244140625,5370900
2023-02-23,64.66999816894531,64.94999694824219,63.5,64.29000091552734,64.29000091552734,5659000
2023-02-24,63.4900016784668,63.959999084472656,63.130001068115234,63.83000183105469,63.83000183105469,2293600
2023-02-27,64.55999755859375,64.62999725341797,63.33000183105469,63.5,63.5,3122000
2023-02-28,63.290000915527344,63.43000030517578,62.47999954223633,62.630001068115234,62.630001068115234,3942300
2023-03-01,62.58000183105469,62.86000061035156,61.900001525878906,62.369998931884766,62.369998931884766,3089500
2023-03-02,62.09000015258789,62.650001525878906,61.849998474121094,62.529998779296875,62.529998779296875,3990500
2023-03-03,62.72999954223633,62.88999938964844,62.209999084472656,62.540000915527344,62.540000915527344,2028800
2023-03-06,62.86000061035156,63.720001220703125,62.470001220703125,62.61000061035156,62.61000061035156,3929200
2023-03-07,62.5,62.68000030517578,61.20000076293945,61.41999816894531,61.41999816894531,2423900
2023-03-08,61.59000015258789,61.959999084472656,61.189998626708984,61.529998779296875,61.529998779296875,4058200
2023-03-09,61.560001373291016,61.88999938964844,60.65999984741211,60.90999984741211,60.90999984741211,5330100
2023-03-10,60.95000076293945,61.130001068115234,60.060001373291016,60.380001068115234,60.380001068115234,10747000
2023-03-13,59.79999923706055,60.08000183105469,57.880001068115234,57.97999954223633,57.97999954223633,8749300
2023-03-14,58.70000076293945,59.59000015258789,57.91999816894531,58.439998626708984,58.439998626708984,4655200
2023-03-15,57.63999938964844,57.83000183105469,56.45000076293945,57.06999969482422,57.06999969482422,5062800
2023-03-16,56.65999984741211,58.529998779296875,56.59000015258789,58.400001525878906,58.400001525878906,6605300
2023-03-17,58.439998626708984,58.66999816894531,57.599998474121094,57.790000915527344,57.790000915527344,7121800
2023-03-20,57.88999938964844,58.88999938964844,57.880001068115234,58.70000076293945,58.70000076293945,3949100
2023-03-21,59.310001373291016,59.599998474121094,58.79999923706055,59.18000030517578,59.18000030517578,3837400
2023-03-22,59.09000015258789,59.25,57.400001525878906,57.439998626708984,57.439998626708984,3675400
2023-03-23,57.88999938964844,59.18000030517578,57.720001220703125,58.15999984741211,58.15999984741211,3666000
2023-03-24,57.77000045776367,58.68000030517578,57.2400016784668,58.650001525878906,58.650001525878906,3303000
2023-03-27,59.0,59.4900016784668,58.810001373291016,59.0099983215332,59.0099983215332,3136000
2023-03-28,58.86000061035156,59.189998626708984,58.56999969482422,58.95000076293945,58.95000076293945,1396200
2023-03-29,59.70000076293945,59.7400016784668,59.27000045776367,59.5099983215332,59.5099983215332,2941300
2023-03-30,60.0,60.209999084472656,59.38999938964844,59.810001373291016,59.810001373291016,2439600
2023-03-31,60.0,61.029998779296875,59.95000076293945,60.93000030517578,60.93000030517578,2925900
