Date,Open,High,Low,Close,Adj Close,Volume
2020-01-02,120.01000213623047,120.36000061035156,117.45999908447266,118.0,105.26179504394531,1071900
2020-01-03,117.2300033569336,120.18000030517578,117.08000183105469,119.94000244140625,106.99237823486328,869400
2020-01-06,119.47000122070312,119.6500015258789,118.05000305175781,118.86000061035156,106.02896118164062,1151000
2020-01-07,118.37999725341797,118.52999877929688,116.76000213623047,117.69000244140625,104.98526763916016,1006400
2020-01-08,117.83999633789062,118.94999694824219,117.23999786376953,118.70999908447266,105.89514923095703,2553900
2020-01-09,118.30000305175781,119.66999816894531,118.06999969482422,118.72000122070312,105.90408325195312,980000
2020-01-10,119.05999755859375,120.66999816894531,118.44999694824219,120.37000274658203,107.37596893310547,2048800
2020-01-13,120.61000061035156,122.19999694824219,119.76000213623047,121.97000122070312,108.80323791503906,2072100
2020-01-14,121.97000122070312,122.69999694824219,119.9800033569336,120.75,107.7149429321289,2408200
2020-01-15,120.95999908447266,121.91999816894531,120.62000274658203,120.98999786376953,107.92903137207031,1443700
2020-01-16,122.8499984741211,123.98999786376953,122.0999984741211,123.66999816894531,110.31971740722656,2232100
2020-01-17,123.81999969482422,124.77999877929688,123.1500015258789,124.44000244140625,111.00660705566406,1355000
2020-01-21,124.43000030517578,125.80999755859375,123.80000305175781,125.7300033569336,112.15735626220703,1286400
2020-01-22,126.0999984741211,127.16999816894531,125.80999755859375,126.27999877929688,112.6479721069336,1648000
2020-01-23,126.12000274658203,127.5199966430664,126.05000305175781,127.11000061035156,113.38837432861328,1258900
2020-01-24,127.44000244140625,129.16000366210938,126.97000122070312,128.25999450683594,114.41421508789062,1916300
2020-01-27,127.5199966430664,129.47000122070312,127.5199966430664,129.02000427246094,115.0921859741211,1527000
2020-01-28,129.1300048828125,130.30999755859375,129.1300048828125,129.82000732421875,115.80583190917969,1678100
2020-01-29,130.22000122070312,130.44000244140625,127.5,127.62999725341797,113.85222625732422,1895900
2020-01-30,127.20999908447266,128.3000030517578,125.5199966430664,125.73999786376953,112.16625213623047,1594700
2020-01-31,125.61000061035156,126.13999938964844,122.4000015258789,122.98999786376953,109.713134765625,1923000
2020-02-03,123.37000274658203,124.51000213623047,122.72000122070312,123.13999938964844,109.846923828125,1396000
2020-02-04,123.63999938964844,125.4800033569336,123.33000183105469,124.98999786376953,111.49723815917969,1222500
2020-02-05,125.12000274658203,125.1500015258789,123.45999908447266,123.86000061035156,110.48921203613281,1748300
2020-02-06,123.94999694824219,124.33999633789062,123.2699966430664,124.0199966430664,110.6319351196289,1127800
2020-02-07,124.19000244140625,124.29000091552734,122.8499984741211,123.27999877929688,109.97181701660156,922800
2020-02-10,123.79000091552734,126.11000061035156,123.0999984741211,126.08000183105469,112.4695816040039,1854200
2020-02-11,126.44000244140625,127.63999938964844,125.30999755859375,125.5199966430664,111.97000122070312,1869900
2020-02-12,125.36000061035156,127.88999938964844,125.29000091552734,127.05000305175781,113.33485412597656,1829700
2020-02-13,126.48999786376953,127.69999694824219,126.43000030517578,126.52999877929688,112.87097930908203,1610100
2020-02-14,125.91000366210938,131.8300018310547,125.19999694824219,131.5,117.30447387695312,3785900
2020-02-18,131.5399932861328,133.22999572753906,131.1699981689453,133.1999969482422,118.8209457397461,3167800
2020-02-19,133.0399932861328,133.72999572753906,132.0500030517578,132.41000366210938,118.11624908447266,2250500
2020-02-20,133.3800048828125,136.36000061035156,132.8800048828125,136.3000030517578,121.58628845214844,3939700
2020-02-21,136.52999877929688,138.4600067138672,136.02999877929688,138.1300048828125,123.21875762939453,3346800
2020-02-24,136.97999572753906,137.22999572753906,134.6699981689453,135.27000427246094,120.66749572753906,3314000
2020-02-25,136.3800048828125,137.17999267578125,132.9199981689453,133.5399932861328,119.12423706054688,5027100
2020-02-26,133.5,133.9499969482422,130.32000732421875,130.3800048828125,116.30538177490234,2665400
2020-02-27,129.22000122070312,129.36000061035156,122.9800033569336,123.19000244140625,109.89153289794922,2844900
2020-02-28,121.12999725341797,121.12999725341797,115.4000015258789,120.11000061035156,107.1440200805664,5045700
2020-03-02,120.9000015258789,130.77000427246094,120.61000061035156,130.49000549316406,116.40349578857422,6312700
2020-03-03,130.72999572753906,133.22000122070312,127.16000366210938,129.58999633789062,115.60063934326172,4144400
2020-03-04,131.69000244140625,135.02999877929688,130.5500030517578,134.97999572753906,120.4088134765625,2950400
2020-03-05,132.6199951171875,134.30999755859375,128.0500030517578,129.8699951171875,115.85042572021484,2408700
2020-03-06,126.22000122070312,129.1300048828125,124.05999755859375,128.24000549316406,114.3963851928711,3622100
2020-03-09,120.48999786376953,123.95999908447266,119.0,120.66999816894531,107.64356994628906,2708400
2020-03-10,124.36000061035156,135.7100067138672,123.41000366210938,134.4499969482422,119.93600463867188,9935000
2020-03-11,131.0,138.1999969482422,129.08999633789062,137.0,122.21072387695312,34673400
2020-03-12,127.98999786376953,130.72000122070312,124.62000274658203,128.3699951171875,114.51234436035156,9406200
2020-03-13,133.3699951171875,143.61000061035156,127.62999725341797,143.33999633789062,127.8663101196289,6545900
2020-03-16,132.4199981689453,139.6199951171875,127.51000213623047,128.30999755859375,115.36022186279297,6914100
2020-03-17,131.67999267578125,139.75,128.94000244140625,138.24000549316406,124.28801727294922,8061000
2020-03-18,131.80999755859375,139.6699981689453,128.3300018310547,137.33999633789062,123.47884368896484,7986500
2020-03-19,137.1999969482422,137.35000610351562,121.38999938964844,125.2699966430664,112.62701416015625,4429300
2020-03-20,125.94999694824219,129.6300048828125,119.01000213623047,121.19999694824219,108.9677734375,4732000
2020-03-23,120.4800033569336,120.4800033569336,105.0,107.9000015258789,97.01010131835938,3915400
2020-03-24,111.55000305175781,118.20999908447266,107.62999725341797,116.72000122070312,104.93994140625,4666500
2020-03-25,116.9800033569336,128.99000549316406,116.9800033569336,121.43000030517578,109.1745834350586,3729600
2020-03-26,121.80999755859375,134.86000061035156,121.20999908447266,134.1300048828125,120.59281921386719,3885100
2020-03-27,130.3300018310547,135.94000244140625,129.63999938964844,132.85000610351562,119.44200134277344,3703000
2020-03-30,134.5800018310547,140.97999572753906,134.30999755859375,139.80999755859375,125.69953155517578,3774600
2020-03-31,139.1699981689453,139.52999877929688,130.02000427246094,138.91000366210938,124.8904037475586,3774200
2020-04-01,132.85000610351562,135.16000366210938,127.12000274658203,134.47999572753906,120.90748596191406,2542100
2020-04-02,132.3000030517578,136.27999877929688,131.05999755859375,135.00999450683594,121.38399505615234,2551500
2020-04-03,133.9600067138672,137.57000732421875,132.19000244140625,136.49000549316406,122.71465301513672,2819800
2020-04-06,141.14999389648438,142.39999389648438,138.9600067138672,139.5,125.42085266113281,2425800
2020-04-07,142.85000610351562,144.05999755859375,139.22999572753906,140.5,126.31991577148438,2359500
2020-04-08,140.75,147.11000061035156,139.02999877929688,145.80999755859375,131.09400939941406,2104300
2020-04-09,146.97000122070312,152.58999633789062,146.6300048828125,148.2899932861328,133.32369995117188,3032600
2020-04-13,146.85000610351562,146.97999572753906,140.19000244140625,140.7100067138672,126.50874328613281,2361200
2020-04-14,143.9600067138672,147.82000732421875,143.52999877929688,144.8800048828125,130.2578582763672,3636300
2020-04-15,142.64999389648438,144.08999633789062,138.85000610351562,140.89999389648438,126.67952728271484,4310800
2020-04-16,141.47000122070312,142.8800048828125,139.3000030517578,141.9499969482422,127.62355041503906,4086300
2020-04-17,144.89999389648438,149.74000549316406,142.69000244140625,149.1999969482422,134.14186096191406,1799400
2020-04-20,147.47999572753906,148.0,143.19000244140625,143.72000122070312,129.21493530273438,2077900
2020-04-21,142.10000610351562,146.16000366210938,140.88999938964844,144.6999969482422,130.09603881835938,2560700
2020-04-22,146.9600067138672,150.50999450683594,146.50999450683594,149.17999267578125,134.12388610839844,2081400
2020-04-23,148.97000122070312,151.64999389648438,148.24000549316406,148.52999877929688,133.5394744873047,1927400
2020-04-24,149.0800018310547,150.4199981689453,147.60000610351562,150.02999877929688,134.88809204101562,1448200
2020-04-27,151.92999267578125,155.05999755859375,149.85000610351562,154.22999572753906,138.6641845703125,1746300
2020-04-28,156.41000366210938,158.36000061035156,153.5399932861328,154.14999389648438,138.59226989746094,1656900
2020-04-29,155.8300018310547,156.60000610351562,148.27000427246094,148.61000061035156,133.6114044189453,1901400
2020-04-30,146.49000549316406,150.60000610351562,146.02000427246094,149.49000549316406,134.40260314941406,3019700
2020-05-01,146.47000122070312,149.2100067138672,145.5,145.9199981689453,131.19290161132812,1316900
2020-05-04,146.44000244140625,147.1199951171875,143.19000244140625,145.77000427246094,131.0580596923828,1389700
2020-05-05,145.6999969482422,149.11000061035156,144.5,148.0,133.06295776367188,999100
2020-05-06,149.19000244140625,151.72000122070312,148.0,149.6999969482422,134.59141540527344,1107200
2020-05-07,150.2899932861328,151.0,147.1999969482422,149.02999877929688,133.98902893066406,1655600
2020-05-08,153.0,153.17999267578125,143.0,145.05999755859375,130.41969299316406,2077100
2020-05-11,143.6300048828125,146.22000122070312,143.33999633789062,144.36000061035156,129.7903289794922,2087800
2020-05-12,143.82000732421875,144.1999969482422,132.5500030517578,132.92999267578125,119.51390838623047,3860300
2020-05-13,132.6999969482422,136.82000732421875,131.25,133.4199981689453,119.95447540283203,2474700
2020-05-14,132.0,134.44000244140625,130.10000610351562,132.72000122070312,119.32511901855469,2624100
2020-05-15,132.41000366210938,132.6699981689453,129.1999969482422,130.77000427246094,117.57194519042969,3107400
2020-05-18,134.38999938964844,135.97999572753906,130.1199951171875,131.42999267578125,118.16532135009766,3194700
2020-05-19,131.33999633789062,132.60000610351562,130.25,131.41000366210938,118.1473388671875,2040800
2020-05-20,133.02000427246094,133.3699951171875,129.80999755859375,132.75,119.35209655761719,1979200
2020-05-21,131.83999633789062,132.00999450683594,129.82000732421875,130.75,117.5539321899414,1886700
2020-05-22,130.83999633789062,135.86000061035156,130.5399932861328,135.80999755859375,122.10325622558594,1518100
2020-05-26,139.4199981689453,139.8699951171875,136.47999572753906,138.33999633789062,124.37789916992188,1969400
2020-05-27,140.0,140.0,134.7899932861328,139.32000732421875,125.259033203125,2158500
2020-05-28,140.55999755859375,146.2100067138672,139.38999938964844,146.0500030517578,131.3097686767578,1652500
2020-05-29,143.1300048828125,144.66000366210938,141.13999938964844,143.55999755859375,129.0710906982422,2341800
2020-06-01,143.9499969482422,144.94000244140625,142.3699951171875,142.44000244140625,128.0641326904297,2024200
2020-06-02,143.92999267578125,143.92999267578125,138.91000366210938,140.0,125.87037658691406,2369100
2020-06-03,140.66000366210938,141.86000061035156,138.94000244140625,139.49000549316406,125.411865234375,1630600
2020-06-04,138.61000061035156,140.5500030517578,134.02000427246094,136.9600067138672,123.13719177246094,2804400
2020-06-05,139.41000366210938,141.9499969482422,136.4199981689453,141.27999877929688,127.02117919921875,2733700
2020-06-08,141.4199981689453,142.1300048828125,139.58999633789062,141.60000610351562,127.30892944335938,1918900
2020-06-09,141.07000732421875,142.82000732421875,139.80999755859375,141.47999572753906,127.20101165771484,1980100
2020-06-10,141.5800018310547,143.49000549316406,138.1699981689453,138.27999877929688,124.32398223876953,2161700
2020-06-11,138.22000122070312,138.22000122070312,132.80999755859375,133.92999267578125,120.41301727294922,3828300
2020-06-12,135.6300048828125,136.7899932861328,134.14999389648438,136.0,123.30523681640625,1703100
2020-06-15,133.66000366210938,139.75999450683594,133.1300048828125,139.52000427246094,126.49667358398438,2026500
2020-06-16,142.5,143.7899932861328,139.25,142.50999450683594,129.20758056640625,1962800
2020-06-17,143.07000732421875,146.86000061035156,143.0500030517578,145.5,131.91845703125,3594200
2020-06-18,144.7100067138672,146.10000610351562,141.72999572753906,143.16000366210938,129.79689025878906,8472200
2020-06-19,145.4499969482422,145.4499969482422,138.6999969482422,139.85000610351562,126.79586791992188,5838700
2020-06-22,139.72999572753906,145.1699981689453,139.16000366210938,142.11000061035156,128.8448944091797,3014500
2020-06-23,143.19000244140625,143.99000549316406,140.6699981689453,141.91000366210938,128.66358947753906,2071500
2020-06-24,140.60000610351562,141.42999267578125,136.5,140.02000427246094,126.94996643066406,1721500
2020-06-25,140.07000732421875,143.1699981689453,139.58999633789062,143.07000732421875,129.71531677246094,1451400
2020-06-26,143.49000549316406,146.07000732421875,140.22000122070312,140.58999633789062,127.4667739868164,6131300
2020-06-29,142.72000122070312,142.72000122070312,139.50999450683594,140.1300048828125,127.04975891113281,1440300
2020-06-30,140.02000427246094,142.50999450683594,139.14999389648438,142.11000061035156,128.8448944091797,1671400
2020-07-01,142.77000427246094,148.6999969482422,142.35000610351562,147.38999938964844,133.63204956054688,1180400
2020-07-02,149.3000030517578,149.8000030517578,147.77000427246094,148.58999633789062,134.72003173828125,1296800
2020-07-06,150.0,150.49000549316406,147.22000122070312,147.80999755859375,134.01283264160156,1299900
2020-07-07,146.49000549316406,148.42999267578125,146.00999450683594,147.49000549316406,133.7227325439453,1280400
2020-07-08,148.42999267578125,149.58999633789062,145.63999938964844,147.11000061035156,133.37820434570312,1133500
2020-07-09,146.8699951171875,147.99000549316406,144.91000366210938,147.02999877929688,133.3056640625,946100
2020-07-10,147.02999877929688,148.57000732421875,146.88999938964844,147.38999938964844,133.63204956054688,1727700
2020-07-13,147.85000610351562,147.92999267578125,142.0500030517578,142.69000244140625,129.3707733154297,1485200
2020-07-14,142.99000549316406,147.2899932861328,142.99000549316406,146.77999877929688,133.0789794921875,1059300
2020-07-15,148.77000427246094,149.00999450683594,142.97999572753906,144.1699981689453,130.7126007080078,1788800
2020-07-16,144.42999267578125,145.13999938964844,140.2899932861328,140.4600067138672,127.34893035888672,1535700
2020-07-17,141.10000610351562,144.9499969482422,139.94000244140625,143.75,130.33181762695312,1112200
2020-07-20,143.7899932861328,145.97999572753906,143.25,144.24000549316406,130.77609252929688,1041400
2020-07-21,146.17999267578125,146.42999267578125,142.3800048828125,143.3000030517578,129.923828125,1152100
2020-07-22,142.82000732421875,145.14999389648438,142.58999633789062,144.8699951171875,131.34725952148438,1077400
2020-07-23,145.36000061035156,146.9600067138672,144.36000061035156,145.7899932861328,132.18141174316406,1192900
2020-07-24,145.60000610351562,147.24000549316406,145.1300048828125,146.99000549316406,133.2694091796875,1104500
2020-07-27,146.42999267578125,151.1199951171875,145.44000244140625,151.00999450683594,136.91415405273438,1577900
2020-07-28,151.17999267578125,154.4199981689453,150.80999755859375,153.97000122070312,139.5978546142578,1711900
2020-07-29,154.0,157.3699951171875,154.0,157.1999969482422,142.52635192871094,1531800
2020-07-30,156.4199981689453,159.4199981689453,156.1199951171875,158.72999572753906,143.91351318359375,1956700
2020-07-31,162.1300048828125,165.49000549316406,158.64999389648438,160.5399932861328,145.5545654296875,4292100
2020-08-03,159.85000610351562,161.57000732421875,159.5500030517578,160.66000366210938,145.66336059570312,1513300
2020-08-04,159.52999877929688,161.49000549316406,159.02000427246094,161.10000610351562,146.06231689453125,1674600
2020-08-05,161.42999267578125,161.5,158.7100067138672,159.61000061035156,144.71139526367188,966700
2020-08-06,158.89999389648438,160.0,156.83999633789062,157.0,142.34503173828125,867700
2020-08-07,156.5500030517578,159.0500030517578,156.22000122070312,158.61000061035156,143.80471801757812,971700
2020-08-10,158.58999633789062,159.11000061035156,155.57000732421875,158.24000549316406,143.46926879882812,1520400
2020-08-11,158.5399932861328,158.5399932861328,151.4499969482422,151.6300048828125,137.4762725830078,1422000
2020-08-12,151.9199981689453,154.8699951171875,151.5,154.44000244140625,140.02395629882812,953000
2020-08-13,154.08999633789062,155.08999633789062,152.0399932861328,152.13999938964844,137.93865966796875,968800
2020-08-14,152.3699951171875,155.13999938964844,152.27000427246094,153.32000732421875,139.008544921875,1294900
2020-08-17,153.33999633789062,157.0,153.30999755859375,156.52000427246094,141.9098358154297,1098600
2020-08-18,156.5500030517578,157.1999969482422,154.80999755859375,156.4600067138672,141.85545349121094,762300
2020-08-19,157.1999969482422,157.3300018310547,151.41000366210938,151.97999572753906,137.79359436035156,1185400
2020-08-20,151.47999572753906,156.0399932861328,151.1199951171875,155.14999389648438,140.66769409179688,1055300
2020-08-21,155.75999450683594,155.75999450683594,152.77999877929688,154.55999755859375,140.13278198242188,757100
2020-08-24,154.25,154.74000549316406,150.30999755859375,152.85000610351562,138.5823974609375,844400
2020-08-25,153.92999267578125,155.80999755859375,152.6699981689453,154.75,140.3050537109375,1312800
2020-08-26,153.75999450683594,154.08999633789062,152.33999633789062,153.9600067138672,139.58877563476562,815600
2020-08-27,154.6699981689453,155.5800018310547,153.4499969482422,153.6999969482422,139.35302734375,870000
2020-08-28,153.9499969482422,154.35000610351562,151.6199951171875,154.2899932861328,139.88796997070312,1049000
2020-08-31,154.91000366210938,157.0,154.47000122070312,155.64999389648438,141.12100219726562,1328200
2020-09-01,155.11000061035156,155.24000549316406,152.10000610351562,153.55999755859375,139.22608947753906,735500
2020-09-02,152.33999633789062,155.24000549316406,151.30999755859375,155.0,140.5316925048828,2040800
2020-09-03,154.77000427246094,155.4600067138672,146.66000366210938,148.16000366210938,134.33016967773438,1350000
2020-09-04,148.1999969482422,148.99000549316406,142.02999877929688,145.17999267578125,131.6283416748047,2312300
2020-09-08,144.60000610351562,145.4600067138672,140.33999633789062,144.30999755859375,130.83953857421875,2021800
2020-09-09,145.6199951171875,149.75999450683594,145.19000244140625,147.5800018310547,133.80429077148438,2120200
2020-09-10,147.11000061035156,148.5399932861328,145.4499969482422,145.6300048828125,132.03634643554688,928100
2020-09-11,146.5800018310547,147.47000122070312,145.11000061035156,145.60000610351562,132.00912475585938,1532200
2020-09-14,145.00999450683594,146.33999633789062,143.22000122070312,144.27999877929688,131.82640075683594,1745700
2020-09-15,144.86000061035156,148.47000122070312,144.83999633789062,147.27999877929688,134.56747436523438,1881900
2020-09-16,150.0,152.97999572753906,149.3699951171875,150.42999267578125,137.44554138183594,2125400
2020-09-17,148.8300018310547,149.69000244140625,145.5399932861328,146.72999572753906,134.06491088867188,1855000
2020-09-18,145.69000244140625,147.0800018310547,144.02999877929688,144.8800048828125,132.3746337890625,2608700
2020-09-21,144.32000732421875,144.64999389648438,141.35000610351562,141.86000061035156,129.6152801513672,2085400
2020-09-22,141.60000610351562,144.97000122070312,141.08999633789062,143.41000366210938,131.031494140625,1770700
2020-09-23,142.4499969482422,143.25,138.7100067138672,139.19000244140625,127.17574310302734,2067300
2020-09-24,139.52999877929688,143.11000061035156,139.47999572753906,141.25,129.0579376220703,1166500
2020-09-25,141.25,142.0800018310547,139.75,142.02000427246094,129.761474609375,1225500
2020-09-28,144.17999267578125,146.13999938964844,143.83999633789062,145.94000244140625,133.3431396484375,1414600
2020-09-29,146.0,148.1699981689453,145.74000549316406,147.52000427246094,134.7867431640625,1017500
2020-09-30,148.13999938964844,148.7899932861328,145.44000244140625,146.75999450683594,134.0923309326172,1656400
2020-10-01,146.88999938964844,148.25,145.1999969482422,147.25,134.54005432128906,1482900
2020-10-02,146.39999389648438,149.77999877929688,145.39999389648438,149.35000610351562,136.45877075195312,1726000
2020-10-05,149.07000732421875,152.4199981689453,147.13999938964844,151.97999572753906,138.8617706298828,1339300
2020-10-06,151.97999572753906,153.47999572753906,150.17999267578125,153.02999877929688,139.82113647460938,1222200
2020-10-07,153.5800018310547,154.1999969482422,152.19000244140625,152.5800018310547,139.4099884033203,1438100
2020-10-08,153.25999450683594,158.0,153.13999938964844,156.85000610351562,143.31143188476562,1000800
2020-10-09,157.58999633789062,158.6999969482422,156.82000732421875,158.33999633789062,144.67279052734375,1205400
2020-10-12,158.27000427246094,159.5800018310547,156.92999267578125,159.05999755859375,145.33067321777344,1320700
2020-10-13,158.6199951171875,159.50999450683594,157.41000366210938,157.97999572753906,144.34388732910156,1120200
2020-10-14,157.99000549316406,158.27999877929688,155.38999938964844,156.36000061035156,142.86370849609375,1044500
2020-10-15,155.58999633789062,158.66000366210938,155.0,156.6699981689453,143.14694213867188,1038600
2020-10-16,156.5399932861328,158.99000549316406,155.88999938964844,157.6999969482422,144.08802795410156,1336500
2020-10-19,158.16000366210938,158.6999969482422,154.52999877929688,155.17999267578125,141.78553771972656,1021000
2020-10-20,155.77000427246094,156.63999938964844,154.52000427246094,155.60000610351562,142.1693115234375,705900
2020-10-21,154.6199951171875,156.38999938964844,153.72999572753906,154.8699951171875,141.50230407714844,1025100
2020-10-22,154.7899932861328,155.0,151.9600067138672,152.3000030517578,139.1541748046875,1223600
2020-10-23,152.5,152.8699951171875,150.25,152.60000610351562,139.4282684326172,743000
2020-10-26,151.75999450683594,152.72999572753906,150.4600067138672,152.6699981689453,139.49220275878906,878900
2020-10-27,152.97999572753906,153.55999755859375,150.66000366210938,150.66000366210938,137.6557159423828,737700
2020-10-28,148.72999572753906,151.16000366210938,148.16000366210938,149.8800048828125,136.9430694580078,995500
2020-10-29,149.8699951171875,150.3300018310547,147.55999755859375,148.72000122070312,135.88314819335938,1118100
2020-10-30,147.5800018310547,147.5800018310547,140.91000366210938,144.3000030517578,131.84471130371094,1855300
2020-11-02,146.25999450683594,148.2899932861328,145.0,145.9499969482422,133.3522491455078,1175800
2020-11-03,147.47999572753906,147.91000366210938,145.33999633789062,145.88999938964844,133.2974395751953,1404600
2020-11-04,146.5,151.22999572753906,146.16000366210938,148.00999450683594,135.23443603515625,2445200
2020-11-05,150.52999877929688,151.39999389648438,147.41000366210938,147.50999450683594,134.77760314941406,1874500
2020-11-06,148.33999633789062,148.33999633789062,146.42999267578125,146.67999267578125,134.01925659179688,2211100
2020-11-09,149.8699951171875,150.8300018310547,138.0,138.22000122070312,126.28948211669922,3239100
2020-11-10,138.55999755859375,138.9499969482422,134.4199981689453,135.82000732421875,124.09663391113281,2867600
2020-11-11,138.19000244140625,141.69000244140625,137.27000427246094,140.99000549316406,128.8203887939453,2579100
2020-11-12,141.39999389648438,142.61000061035156,140.14999389648438,141.39999389648438,129.19497680664062,1263300
2020-11-13,142.61000061035156,144.99000549316406,141.00999450683594,144.64999389648438,132.16445922851562,1500900
2020-11-16,145.0,145.14999389648438,140.41000366210938,142.0,129.74317932128906,1875600
2020-11-17,141.86000061035156,143.27999877929688,140.38999938964844,142.4199981689453,130.12696838378906,1131600
2020-11-18,142.22999572753906,145.11000061035156,141.66000366210938,142.39999389648438,130.10867309570312,1812200
2020-11-19,141.97000122070312,143.4499969482422,140.41000366210938,143.0,130.65689086914062,1229600
2020-11-20,143.0,144.32000732421875,142.00999450683594,142.6999969482422,130.38278198242188,1457800
2020-11-23,142.64999389648438,143.97000122070312,139.72999572753906,139.97000122070312,127.88842010498047,1230700
2020-11-24,139.75,140.44000244140625,131.91000366210938,132.60000610351562,121.15457153320312,3999800
2020-11-25,133.9499969482422,135.94000244140625,132.7100067138672,135.75,124.03268432617188,3046600
2020-11-27,136.27999877929688,136.82000732421875,135.2100067138672,136.72999572753906,124.92806243896484,487100
2020-11-30,137.0,137.07000732421875,134.27000427246094,134.75,123.11896514892578,2116500
2020-12-01,135.83999633789062,137.75,134.7899932861328,135.1300048828125,123.46619415283203,2106100
2020-12-02,134.75,135.22000122070312,132.0800018310547,132.16000366210938,120.75253295898438,1680000
2020-12-03,133.64999389648438,135.35000610351562,133.02000427246094,133.64999389648438,122.11392211914062,1672800
2020-12-04,133.77000427246094,135.8000030517578,132.7100067138672,135.47000122070312,123.77681732177734,1805600
2020-12-07,135.22999572753906,137.55999755859375,134.7899932861328,135.22999572753906,123.55757904052734,1556900
2020-12-08,135.3699951171875,136.38999938964844,133.0800018310547,133.3699951171875,121.85810852050781,1927900
2020-12-09,133.4499969482422,133.61000061035156,129.72000122070312,129.75,118.5505599975586,2580200
2020-12-10,130.0,131.1699981689453,128.67999267578125,129.66000366210938,118.46834564208984,2774900
2020-12-11,129.22000122070312,130.8800048828125,128.0,130.27000427246094,119.02568817138672,1767000
2020-12-14,129.16000366210938,131.05999755859375,128.0,128.08999633789062,118.04877471923828,1847600
2020-12-15,128.27000427246094,129.1999969482422,126.79000091552734,128.8000030517578,118.703125,2529300
2020-12-16,129.24000549316406,130.77999877929688,128.0399932861328,129.5800018310547,119.4219741821289,1494600
2020-12-17,130.1999969482422,134.91000366210938,130.1999969482422,133.92999267578125,123.43098449707031,2303000
2020-12-18,134.07000732421875,134.9499969482422,132.19000244140625,134.02000427246094,123.513916015625,5403600
2020-12-21,131.97999572753906,134.74000549316406,131.27999877929688,134.64999389648438,124.09452056884766,2065700
2020-12-22,134.33999633789062,138.60000610351562,134.19000244140625,138.5399932861328,127.67958068847656,2023300
2020-12-23,139.22999572753906,139.9600067138672,136.7899932861328,136.7899932861328,126.0667724609375,1959300
2020-12-24,136.8800048828125,138.1699981689453,136.52999877929688,137.42999267578125,126.6566162109375,460100
2020-12-28,137.72000122070312,138.8800048828125,137.3699951171875,138.61000061035156,127.74409484863281,1140600
2020-12-29,139.0,139.57000732421875,137.72000122070312,138.0,127.18193054199219,1009200
2020-12-30,138.2100067138672,139.77999877929688,137.72000122070312,138.35000610351562,127.50446319580078,1032800
2020-12-31,138.19000244140625,139.72000122070312,137.0,139.50999450683594,128.57351684570312,1019000
2021-01-04,139.99000549316406,139.99000549316406,135.08999633789062,135.2899932861328,124.6843490600586,1858100
2021-01-05,135.42999267578125,136.27999877929688,132.8800048828125,132.9600067138672,122.53701782226562,1614000
2021-01-06,132.1300048828125,132.82000732421875,130.05999755859375,132.11000061035156,121.7536392211914,1823800
2021-01-07,131.89999389648438,134.16000366210938,131.60000610351562,133.61000061035156,123.13606262207031,2187100
2021-01-08,133.50999450683594,134.89999389648438,132.00999450683594,133.60000610351562,123.12683868408203,2341500
2021-01-11,133.17999267578125,133.3699951171875,129.57000732421875,131.27000427246094,120.9794921875,1917500
2021-01-12,130.99000549316406,131.9199981689453,130.0500030517578,131.50999450683594,121.20067596435547,1748700
2021-01-13,131.75,133.60000610351562,131.75,133.14999389648438,122.71212005615234,1272800
2021-01-14,132.94000244140625,134.2100067138672,131.6300048828125,133.4499969482422,122.98860168457031,1442200
2021-01-15,133.10000610351562,136.64999389648438,132.6999969482422,136.47999572753906,125.78106689453125,1762600
2021-01-19,139.1999969482422,139.25999450683594,137.0800018310547,137.99000549316406,127.17269897460938,1622100
2021-01-20,137.99000549316406,141.4199981689453,137.13999938964844,140.72000122070312,129.68870544433594,1814000
2021-01-21,140.00999450683594,141.5399932861328,139.13999938964844,141.22000122070312,130.14950561523438,1459500
2021-01-22,140.6699981689453,142.0399932861328,140.14999389648438,140.4600067138672,129.4490966796875,1109700
2021-01-25,141.0399932861328,143.75,140.61000061035156,142.6300048828125,131.44895935058594,1651800
2021-01-26,142.2899932861328,146.0,141.86000061035156,145.85000610351562,134.41651916503906,1167100
2021-01-27,145.36000061035156,149.69000244140625,144.0,149.1699981689453,137.4762725830078,2866100
2021-01-28,147.1199951171875,149.08999633789062,144.6999969482422,144.8699951171875,133.5133514404297,3027600
2021-01-29,143.8300018310547,147.3800048828125,141.85000610351562,143.9499969482422,132.6654815673828,3433600
2021-02-01,144.39999389648438,148.25,143.38999938964844,148.2100067138672,136.59153747558594,1954200
2021-02-02,149.0,150.42999267578125,147.89999389648438,148.61000061035156,136.960205078125,1231100
2021-02-03,148.36000061035156,148.36000061035156,145.99000549316406,147.32000732421875,135.7712860107422,1283000
2021-02-04,147.13999938964844,147.33999633789062,142.86000061035156,145.0500030517578,133.6792449951172,2725400
2021-02-05,145.0500030517578,147.0,144.64999389648438,145.55999755859375,134.1492919921875,1478600
2021-02-08,145.02000427246094,146.66000366210938,144.2100067138672,146.3699951171875,134.89576721191406,1025400
2021-02-09,146.3699951171875,148.35000610351562,145.80999755859375,148.24000549316406,136.6191864013672,1220800
2021-02-10,149.5,149.9600067138672,146.05999755859375,147.52999877929688,135.96484375,801900
2021-02-11,147.19000244140625,148.75,143.94000244140625,144.82000732421875,133.46731567382812,1521700
2021-02-12,144.0,145.0,138.35000610351562,140.05999755859375,129.08042907714844,1957100
2021-02-16,140.8300018310547,140.86000061035156,135.8000030517578,137.1999969482422,126.44464111328125,2529600
2021-02-17,136.9199981689453,138.66000366210938,136.72999572753906,138.27999877929688,127.43995666503906,1203100
2021-02-18,137.66000366210938,139.0,137.1300048828125,137.94000244140625,127.12661743164062,1011900
2021-02-19,138.05999755859375,139.4600067138672,136.41000366210938,136.4499969482422,125.75341796875,1446600
2021-02-22,135.5500030517578,138.05999755859375,134.5,137.60000610351562,126.81327056884766,1647200
2021-02-23,138.36000061035156,138.85000610351562,135.83999633789062,137.3000030517578,126.53678131103516,1776700
2021-02-24,136.72999572753906,137.63999938964844,134.6999969482422,135.14999389648438,124.5553207397461,1243500
2021-02-25,135.0,137.2100067138672,133.1699981689453,134.3699951171875,123.83647918701172,1386600
2021-02-26,134.92999267578125,138.0,134.50999450683594,134.72999572753906,124.16825866699219,2722100
2021-03-01,135.58999633789062,137.02000427246094,132.3000030517578,132.9600067138672,122.53701782226562,1930900
2021-03-02,132.8800048828125,133.80999755859375,129.8800048828125,131.1199951171875,120.84125518798828,1761900
2021-03-03,130.5,131.0,125.12000274658203,125.66000366210938,115.80927276611328,2075700
2021-03-04,126.1500015258789,131.0399932861328,124.6500015258789,129.0,118.88744354248047,2959700
2021-03-05,129.0,132.58999633789062,126.33000183105469,132.0,121.65227508544922,2783300
2021-03-08,131.97000122070312,135.0,130.02999877929688,132.17999267578125,121.8181381225586,2053600
2021-03-09,133.5399932861328,137.4499969482422,133.25,135.0800018310547,124.4908218383789,1728900
2021-03-10,135.6199951171875,136.77999877929688,134.27999877929688,135.35000610351562,124.73966979980469,1811900
2021-03-11,135.64999389648438,137.22999572753906,134.38999938964844,134.85000610351562,124.27885437011719,1648800
2021-03-12,131.60000610351562,134.32000732421875,130.22000122070312,134.19000244140625,124.74366760253906,2864000
2021-03-15,134.5800018310547,135.64999389648438,134.08999633789062,135.07000732421875,125.56168365478516,2388700
2021-03-16,135.5,136.41000366210938,135.11000061035156,135.67999267578125,126.1287612915039,1737300
2021-03-17,135.25,135.72999572753906,134.02999877929688,134.67999267578125,125.19914245605469,1782900
2021-03-18,133.67999267578125,135.05999755859375,132.25999450683594,134.16000366210938,124.71576690673828,1174300
2021-03-19,134.16000366210938,137.58999633789062,133.39999389648438,133.50999450683594,124.11152648925781,2355000
2021-03-22,133.83999633789062,136.80999755859375,133.50999450683594,136.5500030517578,126.9375228881836,1422300
2021-03-23,137.1300048828125,140.1999969482422,136.5800018310547,140.0,130.14466857910156,1629100
2021-03-24,139.19000244140625,141.08999633789062,138.11000061035156,140.08999633789062,130.2283172607422,2166100
2021-03-25,140.07000732421875,140.72999572753906,137.77000427246094,138.36000061035156,128.62013244628906,1763100
2021-03-26,138.27000427246094,143.10000610351562,137.63999938964844,142.91000366210938,132.8498077392578,1867300
2021-03-29,142.9499969482422,145.0500030517578,141.07000732421875,144.5500030517578,134.37437438964844,1270500
2021-03-30,143.6699981689453,144.1199951171875,140.75999450683594,141.24000549316406,131.29736328125,1322800
2021-03-31,140.6699981689453,142.3699951171875,138.6999969482422,140.83999633789062,130.92552185058594,1600700
2021-04-01,141.66000366210938,143.3699951171875,140.5500030517578,143.25,133.16587829589844,1334100
2021-04-05,143.5399932861328,145.8699951171875,142.72000122070312,145.77000427246094,135.50848388671875,1268000
2021-04-06,145.41000366210938,145.64999389648438,143.07000732421875,144.6699981689453,134.4859161376953,1266600
2021-04-07,145.25999450683594,145.35000610351562,142.52000427246094,142.89999389648438,132.84051513671875,1726700
2021-04-08,144.0500030517578,145.80999755859375,141.66000366210938,141.8800048828125,131.89230346679688,1510700
2021-04-09,142.0,142.0500030517578,140.32000732421875,141.25999450683594,131.31594848632812,1385000
2021-04-12,141.49000549316406,143.6699981689453,140.2899932861328,143.52000427246094,133.41685485839844,974400
2021-04-13,143.60000610351562,146.4600067138672,143.33999633789062,146.19000244140625,135.89891052246094,1288800
2021-04-14,145.75,146.2899932861328,143.4199981689453,143.6199951171875,133.5098114013672,725000
2021-04-15,144.47999572753906,147.39999389648438,144.41000366210938,147.24000549316406,136.87498474121094,965800
2021-04-16,147.55999755859375,147.77999877929688,145.50999450683594,145.9600067138672,135.6851043701172,1292200
2021-04-19,146.1999969482422,147.97999572753906,145.39999389648438,147.75999450683594,137.3583984375,774500
2021-04-20,148.00999450683594,151.77999877929688,148.00999450683594,150.94000244140625,140.3145294189453,1382100
2021-04-21,151.92999267578125,152.3000030517578,150.3000030517578,150.82000732421875,140.20297241210938,1434100
2021-04-22,150.30999755859375,150.66000366210938,148.97000122070312,149.0500030517578,138.5575714111328,1066500
2021-04-23,148.8800048828125,149.82000732421875,147.72000122070312,149.0399932861328,138.54830932617188,697400
2021-04-26,149.50999450683594,149.50999450683594,147.74000549316406,148.22999572753906,137.7953338623047,1345800
2021-04-27,148.89999389648438,148.89999389648438,146.69000244140625,147.92999267578125,137.51641845703125,1082500
2021-04-28,148.38999938964844,148.5,146.58999633789062,147.1699981689453,136.80990600585938,1151600
2021-04-29,147.52999877929688,149.0399932861328,145.27000427246094,149.0399932861328,138.54830932617188,1656100
2021-04-30,150.0,154.55999755859375,149.66000366210938,154.30999755859375,143.4473114013672,2837200
2021-05-03,153.4199981689453,153.77000427246094,150.57000732421875,151.6699981689453,140.99313354492188,1607800
2021-05-04,151.64999389648438,154.1300048828125,151.5399932861328,153.00999450683594,142.23880004882812,1553100
2021-05-05,152.22000122070312,152.60000610351562,149.64999389648438,150.16000366210938,139.5894317626953,1453600
2021-05-06,150.0,150.91000366210938,148.1999969482422,149.52999877929688,139.00379943847656,1129600
2021-05-07,150.0500030517578,151.39999389648438,148.85000610351562,151.17999267578125,140.53762817382812,1312400
2021-05-10,151.8800048828125,152.50999450683594,150.74000549316406,151.02999877929688,140.39817810058594,954300
2021-05-11,150.5399932861328,150.5399932861328,147.7899932861328,148.64999389648438,138.1857147216797,1118300
2021-05-12,148.0500030517578,148.97999572753906,146.30999755859375,147.1199951171875,136.76345825195312,1094600
2021-05-13,147.25,149.99000549316406,146.1199951171875,148.94000244140625,138.45535278320312,1847400
2021-05-14,149.30999755859375,149.91000366210938,148.0800018310547,148.8800048828125,138.39956665039062,555700
2021-05-17,149.02000427246094,150.47999572753906,148.11000061035156,148.22000122070312,137.78599548339844,791400
2021-05-18,147.6999969482422,150.5399932861328,146.75999450683594,149.91000366210938,139.3570098876953,907300
2021-05-19,150.0399932861328,151.16000366210938,148.2100067138672,150.00999450683594,139.449951171875,763700
2021-05-20,150.16000366210938,153.13999938964844,149.63999938964844,151.25,140.60272216796875,822700
2021-05-21,150.33999633789062,151.88999938964844,150.25,150.89999389648438,140.27735900878906,644400
2021-05-24,151.60000610351562,152.22999572753906,150.55999755859375,151.22000122070312,140.57481384277344,913200
2021-05-25,151.22000122070312,152.72000122070312,150.0,152.44000244140625,141.70892333984375,775800
2021-05-26,152.77000427246094,153.3699951171875,150.74000549316406,150.9600067138672,140.3331298828125,887000
2021-05-27,150.9600067138672,151.83999633789062,149.5800018310547,150.1699981689453,139.59872436523438,979200
2021-05-28,151.3300018310547,152.7100067138672,150.1699981689453,151.55999755859375,140.89089965820312,800600
2021-06-01,152.17999267578125,153.1699981689453,151.55999755859375,153.14999389648438,142.36895751953125,815700
2021-06-02,153.61000061035156,154.80999755859375,152.72000122070312,154.75999450683594,143.86563110351562,1536200
2021-06-03,155.0,156.1300048828125,153.6300048828125,155.42999267578125,144.48846435546875,1683400
2021-06-04,156.1999969482422,156.5800018310547,155.0,155.17999267578125,144.2560272216797,1030100
2021-06-07,156.05999755859375,159.10000610351562,155.5,158.5,147.3423309326172,1543600
2021-06-08,158.97999572753906,160.8699951171875,158.39999389648438,160.02000427246094,148.75535583496094,1680100
2021-06-09,161.24000549316406,162.13999938964844,160.19000244140625,160.8800048828125,149.5548095703125,1424200
2021-06-10,160.19000244140625,164.0399932861328,159.10000610351562,163.94000244140625,152.39939880371094,1123900
2021-06-11,163.05999755859375,163.5,161.44000244140625,162.1999969482422,150.78187561035156,1185500
2021-06-14,161.13999938964844,162.39999389648438,160.3699951171875,162.3300018310547,151.98971557617188,1062100
2021-06-15,162.0500030517578,162.44000244140625,159.27000427246094,159.3699951171875,149.21826171875,1034800
2021-06-16,160.27000427246094,161.94000244140625,157.4499969482422,157.57000732421875,147.5329132080078,2547000
2021-06-17,157.0,157.75999450683594,155.00999450683594,156.69000244140625,146.708984375,2104600
2021-06-18,156.8300018310547,157.52999877929688,154.07000732421875,154.1999969482422,144.37757873535156,4174800
2021-06-21,154.57000732421875,156.2899932861328,153.10000610351562,155.67999267578125,145.76332092285156,1593700
2021-06-22,155.57000732421875,156.6199951171875,154.88999938964844,154.88999938964844,145.0236358642578,1185000
2021-06-23,154.42999267578125,154.52999877929688,149.9600067138672,151.9499969482422,142.27088928222656,1944100
2021-06-24,151.9499969482422,152.92999267578125,149.6999969482422,150.02999877929688,140.47320556640625,1543900
2021-06-25,150.17999267578125,152.44000244140625,149.7100067138672,152.2100067138672,142.51437377929688,1041000
2021-06-28,152.69000244140625,153.4199981689453,151.82000732421875,152.69000244140625,142.96376037597656,1066500
2021-06-29,152.25999450683594,153.88999938964844,151.72000122070312,152.41000366210938,142.7016143798828,929200
2021-06-30,152.33999633789062,153.5800018310547,150.25999450683594,150.4600067138672,140.87582397460938,1333500
2021-07-01,150.5800018310547,151.55999755859375,149.74000549316406,149.83999633789062,140.29530334472656,1556900
2021-07-02,150.3800048828125,151.6199951171875,149.66000366210938,150.27000427246094,140.69793701171875,1187100
2021-07-06,150.27000427246094,152.52000427246094,149.8800048828125,152.32000732421875,142.61734008789062,1398100
2021-07-07,152.58999633789062,154.6300048828125,151.13999938964844,153.88999938964844,144.0873260498047,1648100
2021-07-08,153.7100067138672,155.41000366210938,153.30999755859375,154.5800018310547,144.73338317871094,1072800
2021-07-09,155.10000610351562,155.82000732421875,154.5399932861328,155.75999450683594,145.8382110595703,1279700
2021-07-12,156.22999572753906,158.05999755859375,155.5,157.67999267578125,147.6359100341797,1021800
2021-07-13,157.60000610351562,158.0,154.99000549316406,155.49000549316406,145.58541870117188,774000
2021-07-14,155.38999938964844,157.75,155.1199951171875,157.36000061035156,147.3363037109375,733700
2021-07-15,157.88999938964844,158.5,156.10000610351562,157.08999633789062,147.08349609375,624100
2021-07-16,157.3800048828125,158.75999450683594,156.77000427246094,157.32000732421875,147.29884338378906,738700
2021-07-19,157.52000427246094,158.5800018310547,155.10000610351562,156.32000732421875,146.362548828125,1557500
2021-07-20,156.6199951171875,157.8000030517578,156.25,157.0,146.99923706054688,958600
2021-07-21,156.60000610351562,156.6199951171875,154.41000366210938,154.67999267578125,144.82699584960938,922900
2021-07-22,154.22999572753906,154.8800048828125,153.3300018310547,153.97999572753906,144.17160034179688,805600
2021-07-23,153.82000732421875,155.08999633789062,152.72999572753906,154.86000061035156,144.99554443359375,737500
2021-07-26,154.27000427246094,154.4499969482422,152.85000610351562,153.77999877929688,143.9843292236328,974100
2021-07-27,153.77999877929688,155.75,152.85000610351562,155.3800048828125,145.48240661621094,814500
2021-07-28,155.30999755859375,155.3300018310547,153.3699951171875,154.16000366210938,144.3401336669922,765300
2021-07-29,154.67999267578125,154.88999938964844,149.8000030517578,150.49000549316406,140.90391540527344,1613800
2021-07-30,154.49000549316406,157.69000244140625,153.3800048828125,154.16000366210938,144.3401336669922,1819400
2021-08-02,154.35000610351562,156.61000061035156,153.0,154.74000549316406,144.88319396972656,862300
2021-08-03,154.77000427246094,156.5500030517578,153.97000122070312,155.14999389648438,145.26707458496094,1073300
2021-08-04,155.49000549316406,157.1199951171875,154.35000610351562,155.92999267578125,145.99737548828125,828400
2021-08-05,156.39999389648438,156.6199951171875,154.08999633789062,155.9600067138672,146.02548217773438,1107600
2021-08-06,155.8000030517578,157.9499969482422,155.52000427246094,157.0800018310547,147.07412719726562,758900
2021-08-09,156.72000122070312,158.0500030517578,156.22000122070312,157.6699981689453,147.62652587890625,1477100
2021-08-10,157.5500030517578,157.75,154.24000549316406,154.3699951171875,144.5367431640625,895500
2021-08-11,154.64999389648438,156.9600067138672,154.3300018310547,156.4600067138672,146.49362182617188,752800
2021-08-12,156.5500030517578,158.0500030517578,155.1699981689453,157.52000427246094,147.48609924316406,868100
2021-08-13,158.16000366210938,159.17999267578125,157.63999938964844,159.10000610351562,148.96546936035156,477200
2021-08-16,158.88999938964844,161.6999969482422,158.19000244140625,161.39999389648438,151.11892700195312,1011200
2021-08-17,161.1199951171875,162.3699951171875,160.00999450683594,161.6199951171875,151.32492065429688,815000
2021-08-18,161.1999969482422,161.82000732421875,158.88999938964844,159.64999389648438,149.4803924560547,1273700
2021-08-19,160.36000061035156,163.61000061035156,159.58999633789062,162.89999389648438,152.52340698242188,1136400
2021-08-20,162.64999389648438,164.25,161.77999877929688,162.77000427246094,152.4016876220703,1007500
2021-08-23,162.17999267578125,163.38999938964844,161.39999389648438,162.08999633789062,151.76498413085938,1215400
2021-08-24,162.19000244140625,162.2899932861328,160.0,161.5800018310547,151.28749084472656,949400
2021-08-25,160.67999267578125,161.0500030517578,157.0800018310547,158.6300048828125,148.52540588378906,1244800
2021-08-26,158.3000030517578,159.52999877929688,157.5399932861328,158.86000061035156,148.74073791503906,791100
2021-08-27,159.60000610351562,160.4499969482422,158.75,160.11000061035156,149.9111328125,904600
2021-08-30,160.10000610351562,162.4499969482422,159.33999633789062,162.4199981689453,152.073974609375,1133300
2021-08-31,162.44000244140625,164.16000366210938,161.0,163.91000366210938,153.46908569335938,1272700
2021-09-01,164.39999389648438,166.8300018310547,163.4199981689453,166.60000610351562,155.98773193359375,1169100
2021-09-02,167.0,168.07000732421875,164.77999877929688,168.0,157.29852294921875,1109300
2021-09-03,167.3000030517578,168.3000030517578,165.99000549316406,167.60000610351562,156.9240264892578,1296200
2021-09-07,166.92999267578125,166.92999267578125,164.27000427246094,166.39999389648438,155.8004608154297,1343800
2021-09-08,165.74000549316406,168.3000030517578,165.50999450683594,166.13999938964844,155.5570068359375,1400300
2021-09-09,159.13999938964844,160.4499969482422,157.75999450683594,157.8800048828125,147.8231658935547,5111700
2021-09-10,158.1699981689453,158.97999572753906,155.19000244140625,155.3699951171875,145.47305297851562,2428000
2021-09-13,156.05999755859375,156.80999755859375,153.60000610351562,154.7100067138672,144.8551025390625,1617900
2021-09-14,153.8699951171875,154.75,153.24000549316406,154.2100067138672,145.47775268554688,1077300
2021-09-15,154.14999389648438,156.75999450683594,153.77999877929688,156.02000427246094,147.18524169921875,1695700
2021-09-16,156.02000427246094,156.75999450683594,154.00999450683594,156.41000366210938,147.5531463623047,968000
2021-09-17,155.05999755859375,157.99000549316406,155.05999755859375,156.8000030517578,147.92105102539062,2601700
2021-09-20,156.2100067138672,157.72999572753906,154.88999938964844,157.30999755859375,148.40219116210938,1447600
2021-09-21,157.3699951171875,158.64999389648438,156.5500030517578,157.16000366210938,148.26068115234375,1785900
2021-09-22,157.6699981689453,160.08999633789062,157.39999389648438,159.52999877929688,150.49649047851562,1789400
2021-09-23,159.8000030517578,160.0,153.9600067138672,154.67999267578125,145.92108154296875,1523600
2021-09-24,154.35000610351562,155.00999450683594,152.11000061035156,152.72000122070312,144.07208251953125,1083700
2021-09-27,151.92999267578125,152.88999938964844,147.60000610351562,147.77999877929688,139.41184997558594,1514600
2021-09-28,146.77000427246094,147.00999450683594,143.00999450683594,146.08999633789062,137.81753540039062,2709000
2021-09-29,146.22000122070312,148.1999969482422,146.22000122070312,146.75999450683594,138.44956970214844,1128000
2021-09-30,147.27000427246094,147.63999938964844,144.3699951171875,144.4499969482422,136.2703857421875,995500
2021-10-01,145.4199981689453,146.4199981689453,144.0500030517578,145.05999755859375,136.8458709716797,889900
2021-10-04,144.52000427246094,146.0399932861328,143.8300018310547,145.4499969482422,137.21376037597656,1177400
2021-10-05,143.0,144.14999389648438,141.0,142.6999969482422,134.61949157714844,1694700
2021-10-06,142.4600067138672,145.1199951171875,140.8800048828125,145.10000610351562,136.8835906982422,1449300
2021-10-07,145.77999877929688,146.77000427246094,143.42999267578125,143.69000244140625,135.5534210205078,1022800
2021-10-08,143.3800048828125,143.3800048828125,140.25999450683594,140.66000366210938,132.6950225830078,1066700
2021-10-11,140.27000427246094,140.75,139.4499969482422,139.72999572753906,131.81765747070312,1065700
2021-10-12,139.97999572753906,142.24000549316406,139.30999755859375,141.8699951171875,133.83648681640625,1372400
2021-10-13,142.1300048828125,144.41000366210938,141.47999572753906,144.3300018310547,136.15719604492188,1537400
2021-10-14,145.6300048828125,149.42999267578125,145.44000244140625,148.9499969482422,140.51556396484375,1631200
2021-10-15,149.57000732421875,149.99000549316406,146.8000030517578,147.5399932861328,139.18540954589844,1323900
2021-10-18,146.8699951171875,148.0500030517578,146.11000061035156,147.5399932861328,139.18540954589844,1783500
2021-10-19,147.57000732421875,150.11000061035156,146.75999450683594,149.91000366210938,141.4212188720703,1699600
2021-10-20,150.75,154.27000427246094,150.3800048828125,153.16000366210938,144.4871826171875,1330500
2021-10-21,153.02000427246094,154.8699951171875,152.3300018310547,154.77999877929688,146.01544189453125,980900
2021-10-22,155.0,157.10000610351562,153.97999572753906,156.88999938964844,148.00596618652344,969400
2021-10-25,156.91000366210938,157.35000610351562,155.1300048828125,156.72000122070312,147.84559631347656,1087300
2021-10-26,157.32000732421875,158.27999877929688,156.57000732421875,157.25,148.3455810546875,1143000
2021-10-27,161.99000549316406,161.99000549316406,156.6199951171875,156.88999938964844,148.00596618652344,1319000
2021-10-28,157.3300018310547,160.22999572753906,157.05999755859375,160.08999633789062,151.02474975585938,930500
2021-10-29,159.0399932861328,160.5,157.00999450683594,157.80999755859375,148.87388610839844,1512900
2021-11-01,157.49000549316406,158.14999389648438,155.07000732421875,158.07000732421875,149.11915588378906,907800
2021-11-02,158.7899932861328,159.1699981689453,157.1199951171875,157.97000122070312,149.02479553222656,847800
2021-11-03,158.36000061035156,159.6699981689453,157.3300018310547,158.5,149.52481079101562,1216000
2021-11-04,158.72000122070312,159.27000427246094,155.97000122070312,156.16000366210938,147.31732177734375,1051000
2021-11-05,156.80999755859375,157.25,154.39999389648438,155.47000122070312,146.66639709472656,773500
2021-11-08,155.75,156.4199981689453,153.88999938964844,156.05999755859375,147.22296142578125,862600
2021-11-09,156.5500030517578,159.50999450683594,156.41000366210938,157.14999389648438,148.25125122070312,1243900
2021-11-10,156.60000610351562,157.99000549316406,154.02999877929688,154.11000061035156,145.38340759277344,855800
2021-11-11,154.0399932861328,154.63999938964844,151.86000061035156,153.6699981689453,144.9683074951172,730800
2021-11-12,154.02000427246094,156.52999877929688,153.35000610351562,156.32000732421875,147.46824645996094,1062600
2021-11-15,158.0,162.5800018310547,158.0,161.1999969482422,152.07191467285156,1851200
2021-11-16,161.41000366210938,162.35000610351562,160.5,161.7100067138672,152.55303955078125,1583300
2021-11-17,161.0800018310547,164.27999877929688,160.8300018310547,164.11000061035156,154.81710815429688,1325800
2021-11-18,164.74000549316406,165.3000030517578,161.61000061035156,164.3000030517578,154.9963836669922,949100
2021-11-19,165.47000122070312,166.5,164.3699951171875,165.5800018310547,156.20388793945312,1550800
2021-11-22,164.5,165.49000549316406,162.77999877929688,163.17999267578125,153.93978881835938,947700
2021-11-23,163.3300018310547,166.13999938964844,163.17999267578125,165.11000061035156,155.76051330566406,1249800
2021-11-24,165.83999633789062,166.75,164.85000610351562,166.2100067138672,156.7982177734375,1183900
2021-11-26,164.97000122070312,168.5399932861328,164.0,164.75999450683594,155.4302978515625,1044100
2021-11-29,165.88999938964844,169.97000122070312,163.58999633789062,168.7899932861328,159.23211669921875,1400700
2021-11-30,167.97999572753906,169.82000732421875,166.9499969482422,167.74000549316406,158.24159240722656,2684700
2021-12-01,168.69000244140625,169.2100067138672,162.7100067138672,162.83999633789062,153.61903381347656,1875600
2021-12-02,163.36000061035156,166.8699951171875,163.05999755859375,165.6999969482422,156.3170928955078,1281000
2021-12-03,165.86000061035156,166.75999450683594,163.49000549316406,165.27999877929688,155.92086791992188,1369300
2021-12-06,165.82000732421875,166.97999572753906,164.0500030517578,165.14999389648438,155.79823303222656,1016300
2021-12-07,166.24000549316406,167.6199951171875,165.0,167.4199981689453,157.93968200683594,1350200
2021-12-08,167.10000610351562,168.5,165.77000427246094,168.11000061035156,158.59060668945312,1046000
2021-12-09,168.3000030517578,168.3000030517578,164.80999755859375,166.32000732421875,156.90199279785156,1121300
2021-12-10,166.69000244140625,168.3000030517578,165.47000122070312,167.10000610351562,157.63783264160156,1179000
2021-12-13,167.0500030517578,172.4199981689453,166.75,171.4199981689453,161.71319580078125,1561800
2021-12-14,170.0,170.0,165.38999938964844,167.24000549316406,158.84481811523438,1237600
2021-12-15,167.75,170.3800048828125,166.33999633789062,170.3699951171875,161.81768798828125,1320900
2021-12-16,170.50999450683594,172.64999389648438,169.89999389648438,171.99000549316406,163.35635375976562,1138600
2021-12-17,172.3300018310547,174.63999938964844,170.5,171.5399932861328,162.92892456054688,2835900
2021-12-20,170.27999877929688,172.80999755859375,169.6699981689453,171.14999389648438,162.55850219726562,1041700
2021-12-21,172.0399932861328,173.3699951171875,169.2899932861328,169.8800048828125,161.35227966308594,1194500
2021-12-22,170.41000366210938,171.41000366210938,169.0399932861328,171.41000366210938,162.8054656982422,1285400
2021-12-23,171.52999877929688,171.52999877929688,168.80999755859375,169.80999755859375,161.28578186035156,943400
2021-12-27,170.92999267578125,173.58999633789062,169.77999877929688,173.5,164.79054260253906,1290000
2021-12-28,173.44000244140625,174.9600067138672,172.3699951171875,174.86000061035156,166.082275390625,1106700
2021-12-29,175.07000732421875,176.00999450683594,174.02000427246094,175.25999450683594,166.4622039794922,624300
2021-12-30,175.3300018310547,176.52999877929688,175.17999267578125,176.08999633789062,167.2505340576172,622600
2021-12-31,176.5399932861328,178.22000122070312,176.10000610351562,176.8699951171875,167.99139404296875,752000
2022-01-03,176.86000061035156,177.14999389648438,171.7100067138672,175.08999633789062,166.30075073242188,1000700
2022-01-04,174.5,175.0,168.22000122070312,169.08999633789062,160.60191345214844,1531600
2022-01-05,166.5800018310547,167.35000610351562,162.82000732421875,162.8800048828125,154.70367431640625,1470500
2022-01-06,161.3300018310547,162.24000549316406,157.6199951171875,160.8000030517578,152.7280731201172,1709400
2022-01-07,159.86000061035156,162.22000122070312,158.42999267578125,161.05999755859375,152.97500610351562,1265700
2022-01-10,158.5800018310547,161.0,155.1300048828125,159.24000549316406,151.2463836669922,1172300
2022-01-11,159.14999389648438,159.42999267578125,156.35000610351562,159.02999877929688,151.04693603515625,817300
2022-01-12,158.30999755859375,160.97999572753906,157.88999938964844,158.9499969482422,150.970947265625,1060200
2022-01-13,159.2100067138672,159.8800048828125,157.14999389648438,157.6199951171875,149.70770263671875,1004100
2022-01-14,155.22999572753906,156.5,153.25999450683594,155.8800048828125,148.05506896972656,1395600
2022-01-18,154.5500030517578,156.58999633789062,153.44000244140625,155.8699951171875,148.04554748535156,1502000
2022-01-19,156.55999755859375,157.8699951171875,154.91000366210938,154.92999267578125,147.15272521972656,1113300
2022-01-20,155.10000610351562,158.0,154.80999755859375,155.39999389648438,147.59915161132812,1304200
2022-01-21,156.5800018310547,157.25,154.77999877929688,154.9499969482422,147.17173767089844,1825400
2022-01-24,154.1699981689453,154.25999450683594,150.8699951171875,153.91000366210938,146.18394470214844,2383200
2022-01-25,153.14999389648438,154.4600067138672,151.77000427246094,152.6699981689453,145.00619506835938,1478800
2022-01-26,153.00999450683594,153.85000610351562,147.1999969482422,147.72999572753906,140.3141632080078,1372400
2022-01-27,148.6199951171875,150.08999633789062,144.4499969482422,145.25999450683594,137.96815490722656,1275100
2022-01-28,145.8000030517578,149.00999450683594,143.8000030517578,148.8800048828125,141.40646362304688,1948300
2022-01-31,149.0500030517578,150.3300018310547,147.8800048828125,149.22999572753906,141.73887634277344,2902000
2022-02-01,149.44000244140625,149.44000244140625,146.60000610351562,147.74000549316406,140.3236541748047,1984900
2022-02-02,147.9600067138672,149.92999267578125,147.75,149.22999572753906,141.73887634277344,1816300
2022-02-03,148.85000610351562,149.0,146.6300048828125,147.0,139.62081909179688,1501600
2022-02-04,145.74000549316406,147.0,144.57000732421875,145.16000366210938,137.87318420410156,1320600
2022-02-07,145.2899932861328,146.8800048828125,145.08999633789062,146.0500030517578,138.718505859375,1812400
2022-02-08,145.75,145.77999877929688,143.5,143.5800018310547,136.3724822998047,1408900
2022-02-09,145.27000427246094,147.47000122070312,145.02000427246094,146.9199981689453,139.54483032226562,1563700
2022-02-10,144.1699981689453,144.9600067138672,139.5800018310547,140.2100067138672,133.1716766357422,1393000
2022-02-11,140.58999633789062,140.77999877929688,135.82000732421875,136.2899932861328,129.44842529296875,3829600
2022-02-14,136.52999877929688,137.2899932861328,135.25999450683594,136.13999938964844,129.3059539794922,1939300
2022-02-15,138.25,138.74000549316406,136.0399932861328,136.52999877929688,129.67637634277344,1494800
2022-02-16,136.17999267578125,136.55999755859375,133.97000122070312,134.60000610351562,127.84327697753906,3146000
2022-02-17,134.66000366210938,139.10000610351562,134.61000061035156,137.75999450683594,130.84463500976562,3676800
2022-02-18,135.58999633789062,136.14999389648438,131.1199951171875,135.1999969482422,128.41314697265625,3174400
2022-02-22,135.77000427246094,138.25999450683594,134.1999969482422,136.0,129.1730194091797,1980500
2022-02-23,136.52000427246094,138.47999572753906,131.9499969482422,132.22999572753906,125.59223937988281,2768300
2022-02-24,130.5399932861328,134.6199951171875,130.10000610351562,134.33999633789062,127.59632110595703,3425100
2022-02-25,135.0,138.25,134.02000427246094,137.89999389648438,130.9776153564453,1678900
2022-02-28,136.3800048828125,137.3800048828125,133.1999969482422,134.9199981689453,128.14720153808594,2864900
2022-03-01,136.08999633789062,136.5399932861328,133.3000030517578,134.1199951171875,127.38737487792969,1694800
2022-03-02,134.5800018310547,135.92999267578125,133.1699981689453,135.30999755859375,128.5176239013672,1774700
2022-03-03,136.0800018310547,137.97999572753906,134.6300048828125,137.24000549316406,130.3507537841797,1129000
2022-03-04,136.1999969482422,139.7899932861328,136.13999938964844,139.24000549316406,132.2503662109375,1521000
2022-03-07,138.9199981689453,139.47000122070312,135.8699951171875,136.1199951171875,129.2869873046875,1187800
2022-03-08,135.07000732421875,136.63999938964844,132.57000732421875,133.49000549316406,126.78898620605469,1530100
2022-03-09,135.80999755859375,137.1199951171875,134.6699981689453,135.4499969482422,128.65060424804688,952600
2022-03-10,133.4600067138672,135.6300048828125,132.1999969482422,135.2899932861328,128.4986572265625,1145000
2022-03-11,136.02000427246094,136.6999969482422,134.8800048828125,135.67999267578125,128.8690643310547,1412400
2022-03-14,135.0,135.22999572753906,131.7100067138672,132.58999633789062,127.0768051147461,2045600
2022-03-15,133.5800018310547,135.27999877929688,132.72000122070312,135.14999389648438,129.53036499023438,1302900
2022-03-16,136.42999267578125,137.41000366210938,133.94000244140625,136.07000732421875,130.41212463378906,1183400
2022-03-17,135.4600067138672,138.64999389648438,135.4600067138672,138.22000122070312,132.47271728515625,966500
2022-03-18,138.2100067138672,139.69000244140625,137.89999389648438,138.99000549316406,133.21070861816406,2515200
2022-03-21,138.47999572753906,140.57000732421875,136.39999389648438,137.17999267578125,131.47593688964844,902900
2022-03-22,137.61000061035156,139.22000122070312,136.8300018310547,138.4199981689453,132.66439819335938,1659600
2022-03-23,138.0,138.64999389648438,136.22000122070312,136.64999389648438,130.96800231933594,934700
2022-03-24,136.47999572753906,137.6699981689453,136.35000610351562,137.64999389648438,131.92640686035156,686500
2022-03-25,138.42999267578125,138.57000732421875,136.97999572753906,138.22999572753906,132.4822998046875,819200
2022-03-28,138.94000244140625,141.1300048828125,138.5399932861328,140.88999938964844,135.0316925048828,1093400
2022-03-29,142.00999450683594,145.47999572753906,141.9499969482422,144.7100067138672,138.69287109375,1467300
2022-03-30,143.8699951171875,144.99000549316406,142.97999572753906,144.16000366210938,138.1657257080078,868700
2022-03-31,144.8000030517578,145.3300018310547,141.75999450683594,141.8000030517578,135.9038543701172,1919100
2022-04-01,142.4199981689453,146.00999450683594,142.1199951171875,145.89999389648438,139.8333740234375,965200
2022-04-04,145.7899932861328,146.74000549316406,143.52999877929688,146.5500030517578,140.45635986328125,1390600
2022-04-05,145.61000061035156,148.39999389648438,145.3300018310547,146.41000366210938,140.32215881347656,931800
2022-04-06,146.08999633789062,149.25,145.1999969482422,149.07000732421875,142.87158203125,1083300
2022-04-07,148.49000549316406,148.97000122070312,146.27000427246094,148.1699981689453,142.0089874267578,1222400
2022-04-08,148.11000061035156,150.13999938964844,147.5500030517578,149.97999572753906,143.7437286376953,1168400
2022-04-11,150.35000610351562,150.67999267578125,145.10000610351562,145.47000122070312,139.42124938964844,987400
2022-04-12,144.5800018310547,146.13999938964844,143.89999389648438,145.52000427246094,139.46917724609375,1419200
2022-04-13,145.02000427246094,148.32000732421875,145.02000427246094,147.14999389648438,141.03138732910156,1195900
2022-04-14,147.25,147.7100067138672,144.6699981689453,145.02000427246094,138.98997497558594,1366300
2022-04-18,145.02999877929688,145.75,144.07000732421875,145.0399932861328,139.00912475585938,1024000
2022-04-19,145.52000427246094,150.88999938964844,145.52000427246094,150.35000610351562,144.09835815429688,1476000
2022-04-20,150.38999938964844,153.5,149.6300048828125,152.6699981689453,146.32186889648438,1453100
2022-04-21,152.91000366210938,152.97999572753906,150.17999267578125,150.33999633789062,144.0887451171875,1601700
2022-04-22,150.3699951171875,151.63999938964844,149.19000244140625,149.75999450683594,143.53286743164062,1606900
2022-04-25,150.0,151.85000610351562,148.57000732421875,151.55999755859375,145.25804138183594,2210600
2022-04-26,151.07000732421875,151.9600067138672,149.5500030517578,149.61000061035156,143.3891143798828,1722200
2022-04-27,149.89999389648438,151.77999877929688,148.0399932861328,148.24000549316406,142.07606506347656,1771500
2022-04-28,149.1199951171875,151.8000030517578,146.44000244140625,151.5,145.2005157470703,1937400
2022-04-29,151.3800048828125,152.74000549316406,145.4199981689453,146.1199951171875,140.04421997070312,2383100
2022-05-02,145.75999450683594,146.3800048828125,138.3300018310547,141.27999877929688,135.40548706054688,1758600
2022-05-03,141.92999267578125,144.00999450683594,140.2899932861328,142.25999450683594,136.3447265625,1479600
2022-05-04,141.61000061035156,144.97999572753906,140.1699981689453,144.66000366210938,138.6449432373047,1299500
2022-05-05,144.35000610351562,144.88999938964844,140.11000061035156,141.36000061035156,135.48214721679688,1323200
2022-05-06,139.92999267578125,141.85000610351562,138.8800048828125,141.0800018310547,135.21380615234375,1081300
2022-05-09,139.57000732421875,139.80999755859375,132.8300018310547,133.3800048828125,127.83396911621094,1349000
2022-05-10,134.5800018310547,135.55999755859375,125.12000274658203,126.5999984741211,121.33588409423828,2305400
2022-05-11,127.4000015258789,130.25999450683594,126.93000030517578,127.0,121.71924591064453,1716800
2022-05-12,126.58999633789062,127.37999725341797,125.11000061035156,127.11000061035156,121.82467651367188,1480000
2022-05-13,128.50999450683594,131.69000244140625,126.80000305175781,131.19000244140625,125.73504638671875,2289500
2022-05-16,130.8699951171875,131.60000610351562,128.07000732421875,128.41000366210938,123.07063293457031,1527300
2022-05-17,129.63999938964844,129.6999969482422,127.19000244140625,128.64999389648438,123.30062866210938,1476300
2022-05-18,128.14999389648438,128.5,124.79000091552734,125.29000091552734,120.08035278320312,1360000
2022-05-19,124.37999725341797,129.25999450683594,124.3499984741211,127.66999816894531,122.36139678955078,1501600
2022-05-20,129.0500030517578,131.57000732421875,127.5,131.10000610351562,125.64877319335938,1570200
2022-05-23,132.92999267578125,133.58999633789062,131.02000427246094,133.52000427246094,127.96814727783203,1201700
2022-05-24,133.27000427246094,136.82000732421875,131.97000122070312,136.6300048828125,130.94883728027344,1337600
2022-05-25,135.69000244140625,138.25999450683594,134.85000610351562,137.85000610351562,132.11810302734375,1263400
2022-05-26,138.49000549316406,140.00999450683594,136.5399932861328,136.7899932861328,131.1021728515625,1343000
2022-05-27,137.1199951171875,141.77000427246094,137.11000061035156,141.50999450683594,135.6259002685547,971700
2022-05-31,139.72000122070312,140.27999877929688,137.6699981689453,139.58999633789062,133.78573608398438,1735000
2022-06-01,139.61000061035156,139.82000732421875,136.86000061035156,137.44000244140625,131.7251434326172,1314800
2022-06-02,136.57000732421875,138.38999938964844,134.3699951171875,138.3699951171875,132.61647033691406,1562600
2022-06-03,136.8699951171875,137.5,134.19000244140625,134.49000549316406,128.89781188964844,1329500
2022-06-06,134.5,135.94000244140625,134.25,134.91000366210938,129.3003387451172,1357400
2022-06-07,134.41000366210938,135.30999755859375,132.10000610351562,135.25999450683594,129.63577270507812,1263800
2022-06-08,134.57000732421875,135.27000427246094,132.19000244140625,132.85000610351562,127.32600402832031,1147400
2022-06-09,132.6999969482422,136.5,132.19000244140625,133.22000122070312,127.68063354492188,1398700
2022-06-10,131.3800048828125,132.63999938964844,129.17999267578125,131.36000061035156,125.89796447753906,1637600
2022-06-13,128.66000366210938,129.74000549316406,126.41000366210938,127.18000030517578,121.89176940917969,1912500
2022-06-14,126.58999633789062,126.8499984741211,124.11000061035156,124.56999969482422,120.54666137695312,3037900
2022-06-15,126.58999633789062,130.57000732421875,126.0,128.92999267578125,124.76583862304688,2065800
2022-06-16,125.91999816894531,127.27999877929688,124.62000274658203,125.30999755859375,121.26275634765625,1543900
2022-06-17,125.72000122070312,128.3800048828125,125.72000122070312,127.18000030517578,123.0723648071289,2339500
2022-06-21,128.39999389648438,129.88999938964844,127.94000244140625,128.13999938964844,124.00135040283203,1652500
2022-06-22,127.30999755859375,133.89999389648438,127.13999938964844,132.2899932861328,128.01731872558594,1802500
2022-06-23,133.2899932861328,136.8300018310547,133.0399932861328,136.63999938964844,132.22682189941406,1566200
2022-06-24,137.27000427246094,138.97999572753906,135.88999938964844,138.8000030517578,134.3170623779297,1319600
2022-06-27,138.02999877929688,139.13999938964844,137.11000061035156,137.25,132.81712341308594,997500
2022-06-28,137.49000549316406,138.11000061035156,134.10000610351562,134.55999755859375,130.21400451660156,978500
2022-06-29,131.69000244140625,131.8699951171875,124.0,127.4000015258789,123.28526306152344,4161500
2022-06-30,129.14999389648438,132.3000030517578,128.17999267578125,129.8300018310547,125.63677215576172,3313900
2022-07-01,129.8300018310547,133.4600067138672,129.47000122070312,131.5800018310547,127.33025360107422,1512500
2022-07-05,130.25999450683594,130.32000732421875,125.41000366210938,128.55999755859375,124.40779876708984,2172100
2022-07-06,129.55999755859375,131.25999450683594,128.1199951171875,128.39999389648438,124.2529525756836,1115400
2022-07-07,128.30999755859375,129.47000122070312,127.62999725341797,128.42999267578125,124.28199005126953,857200
2022-07-08,127.51000213623047,127.95999908447266,125.87000274658203,126.33000183105469,122.24981689453125,953800
2022-07-11,125.62999725341797,127.18000030517578,124.33999633789062,126.72000122070312,122.6272201538086,813800
2022-07-12,126.3499984741211,126.83000183105469,123.54000091552734,124.3499984741211,120.3337631225586,920300
2022-07-13,122.3499984741211,124.48999786376953,121.80999755859375,122.86000061035156,118.89189147949219,958900
2022-07-14,120.98999786376953,122.37000274658203,120.6500015258789,121.02999877929688,117.12100219726562,1180700
2022-07-15,122.66999816894531,123.16000366210938,120.22000122070312,120.9800033569336,117.0726089477539,1378100
2022-07-18,121.45999908447266,121.63999938964844,119.62999725341797,119.98999786376953,116.11458587646484,1258000
2022-07-19,121.04000091552734,123.68000030517578,119.95999908447266,123.62999725341797,119.63701629638672,1961500
2022-07-20,123.58999633789062,125.73999786376953,122.91999816894531,123.31999969482422,119.3370361328125,1197400
2022-07-21,123.5,125.30000305175781,122.51000213623047,125.0999984741211,121.05953979492188,1705200
2022-07-22,126.01000213623047,127.83999633789062,125.23999786376953,127.41999816894531,123.30461120605469,1383600
2022-07-25,126.98999786376953,129.4600067138672,125.8499984741211,127.12000274658203,123.01431274414062,1687800
2022-07-26,127.19999694824219,128.86000061035156,126.66999816894531,127.51000213623047,123.3917007446289,1176000
2022-07-27,127.51000213623047,129.52999877929688,127.3499984741211,129.2100067138672,125.03680419921875,2012600
2022-07-28,130.91000366210938,138.08999633789062,130.1199951171875,136.92999267578125,132.50746154785156,2219000
2022-07-29,136.89999389648438,136.89999389648438,131.27999877929688,132.4499969482422,128.1721649169922,3406200
2022-08-01,131.7899932861328,132.25,130.02999877929688,130.5399932861328,126.3238296508789,1295000
2022-08-02,130.36000061035156,132.94000244140625,129.16000366210938,129.27000427246094,125.09486389160156,2302500
2022-08-03,130.0,131.1699981689453,129.17999267578125,129.3800048828125,125.2013168334961,1720700
2022-08-04,129.64999389648438,129.92999267578125,128.55999755859375,129.44000244140625,125.25936889648438,1416900
2022-08-05,128.32000732421875,129.63999938964844,127.54000091552734,129.47000122070312,125.28841400146484,1122100
2022-08-08,130.97999572753906,132.64999389648438,130.19000244140625,130.97999572753906,126.7496337890625,1472100
2022-08-09,130.9199981689453,131.52999877929688,129.72999572753906,130.17999267578125,125.97547149658203,1265900
2022-08-10,132.0500030517578,133.1300048828125,131.13999938964844,132.5,128.22055053710938,1673600
2022-08-11,133.22999572753906,133.25,128.7100067138672,129.02999877929688,124.86260986328125,951600
2022-08-12,130.05999755859375,131.6199951171875,129.6699981689453,131.4199981689453,127.1754150390625,1200500
2022-08-15,131.25,134.0399932861328,131.24000549316406,133.10000610351562,128.80117797851562,1057000
2022-08-16,132.11000061035156,135.1999969482422,131.6199951171875,134.52999877929688,130.1849822998047,933800
2022-08-17,133.50999450683594,134.19000244140625,132.07000732421875,132.2100067138672,127.93989562988281,1270100
2022-08-18,132.19000244140625,132.35000610351562,129.74000549316406,131.0500030517578,126.81737518310547,1125200
2022-08-19,131.25999450683594,131.94000244140625,129.50999450683594,130.35000610351562,126.13998413085938,1061500
2022-08-22,129.7899932861328,130.39999389648438,126.5199966430664,126.62000274658203,122.53045654296875,1183200
2022-08-23,126.30000305175781,126.30000305175781,123.36000061035156,125.19999694824219,121.15631103515625,1729900
2022-08-24,124.98999786376953,127.58999633789062,124.58000183105469,125.63999938964844,121.58209991455078,1209600
2022-08-25,126.58999633789062,128.55999755859375,125.72000122070312,128.49000549316406,124.3400650024414,938000
2022-08-26,128.6699981689453,129.0,125.16999816894531,125.2699966430664,121.22405242919922,1212900
2022-08-29,124.87000274658203,125.54000091552734,123.51000213623047,123.97000122070312,119.9660415649414,801500
2022-08-30,124.0,125.02999877929688,122.94999694824219,123.80999755859375,119.81120300292969,1004800
2022-08-31,124.8499984741211,126.20999908447266,123.56999969482422,123.62999725341797,119.63701629638672,1814400
2022-09-01,122.75,123.16000366210938,120.58000183105469,122.0,118.0596694946289,1208300
2022-09-02,123.19999694824219,124.01000213623047,118.0199966430664,118.27999877929688,114.4598159790039,1565400
2022-09-06,118.52999877929688,119.97000122070312,117.55999755859375,119.30000305175781,115.44686889648438,1367000
2022-09-07,119.80000305175781,122.23999786376953,119.3499984741211,121.94000244140625,118.0016098022461,1153100
2022-09-08,121.3499984741211,123.23999786376953,121.16000366210938,122.66000366210938,118.69835662841797,1026900
2022-09-09,122.93000030517578,124.87999725341797,122.27999877929688,124.44999694824219,120.43053436279297,1020800
2022-09-12,124.70999908447266,126.95999908447266,124.69999694824219,126.75,122.65625,1354800
2022-09-13,124.0,124.47000122070312,119.75,120.16999816894531,116.28877258300781,1676000
2022-09-14,117.69000244140625,118.37999725341797,115.4000015258789,116.08000183105469,113.48297882080078,1417100
2022-09-15,115.95999908447266,116.2699966430664,111.88999938964844,111.88999938964844,109.38671875,1971400
2022-09-16,112.62000274658203,112.62000274658203,111.0,112.08000183105469,109.57247161865234,3752500
2022-09-19,111.05999755859375,111.8499984741211,109.79000091552734,111.1500015258789,108.66328430175781,2441700
2022-09-20,110.20999908447266,111.43000030517578,108.97000122070312,109.75,107.29460144042969,2499700
2022-09-21,110.2699966430664,111.9000015258789,108.75,108.79000091552734,106.3560791015625,2198000
2022-09-22,107.80000305175781,108.26000213623047,106.1500015258789,107.41000366210938,105.0069580078125,2999600
2022-09-23,105.6500015258789,106.0999984741211,102.18000030517578,103.33999633789062,101.02800750732422,3348700
2022-09-26,102.8499984741211,103.66999816894531,100.31999969482422,101.77999877929688,99.5029067993164,2157100
2022-09-27,102.58000183105469,103.58999633789062,97.52999877929688,97.7300033569336,95.54352569580078,2320300
2022-09-28,98.20999908447266,100.12000274658203,96.5,99.7699966430664,97.53787994384766,2423800
2022-09-29,98.31999969482422,98.88999938964844,96.08000183105469,96.91000366210938,94.74186706542969,2385700
2022-09-30,98.22000122070312,99.58000183105469,97.01000213623047,99.18000030517578,96.9610824584961,3053000
2022-10-03,100.30999755859375,101.3499984741211,98.83999633789062,100.44999694824219,98.20266723632812,2256600
2022-10-04,101.47000122070312,103.37999725341797,101.0199966430664,102.20999908447266,99.92328643798828,2010300
2022-10-05,100.58999633789062,101.26000213623047,98.23999786376953,99.0,96.78511047363281,2072800
2022-10-06,98.55999755859375,99.0199966430664,93.55999755859375,94.4000015258789,92.28801727294922,3140600
2022-10-07,93.30999755859375,94.79000091552734,92.05999755859375,92.44999694824219,90.38164520263672,2572400
2022-10-10,92.91999816894531,93.51000213623047,89.44000244140625,89.68000030517578,87.67362213134766,1781300
2022-10-11,89.36000061035156,91.69999694824219,88.54000091552734,90.05000305175781,88.03534698486328,3022100
2022-10-12,89.7300033569336,91.25,89.02999877929688,89.22000122070312,87.22391510009766,2383200
2022-10-13,86.75,93.12000274658203,85.76000213623047,92.0999984741211,90.03947448730469,3057400
2022-10-14,93.12000274658203,94.13999938964844,90.33999633789062,90.83999633789062,88.80766296386719,2646500
2022-10-17,92.91999816894531,95.4800033569336,92.2300033569336,95.1500015258789,93.02124786376953,2991300
2022-10-18,96.5,98.37000274658203,95.70999908447266,96.83999633789062,94.67342376708984,2922800
2022-10-19,95.08000183105469,96.5,94.01000213623047,95.20999908447266,93.07989501953125,3127000
2022-10-20,95.44999694824219,97.19000244140625,94.83999633789062,95.08000183105469,92.95281219482422,2081700
2022-10-21,95.05999755859375,96.87000274658203,93.6500015258789,96.86000061035156,94.69298553466797,1763700
2022-10-24,97.76000213623047,98.91999816894531,95.98999786376953,97.44000244140625,95.260009765625,2599200
2022-10-25,98.26000213623047,101.83000183105469,98.0199966430664,101.55000305175781,99.2780532836914,2796300
2022-10-26,101.0,102.2300033569336,99.94000244140625,100.2699966430664,98.02668762207031,2587300
2022-10-27,101.91000366210938,101.91000366210938,98.55000305175781,99.91000366210938,97.67475128173828,3087000
2022-10-28,99.4000015258789,101.56999969482422,98.8499984741211,101.38999938964844,99.12163543701172,1782200
2022-10-31,100.20999908447266,100.98999786376953,99.52999877929688,100.25,98.00714111328125,2400200
2022-11-01,101.80000305175781,102.36000061035156,96.58000183105469,96.87000274658203,94.70276641845703,3877000
2022-11-02,96.54000091552734,98.25,94.16999816894531,94.2300033569336,92.121826171875,3506100
2022-11-03,92.95999908447266,95.70999908447266,92.30999755859375,94.94999694824219,92.82571411132812,2499800
2022-11-04,95.93000030517578,97.3499984741211,94.81999969482422,96.7699966430664,94.60499572753906,1847800
2022-11-07,97.37999725341797,97.97000122070312,96.56999969482422,97.22000122070312,95.04492950439453,1480400
2022-11-08,97.58000183105469,100.04000091552734,97.0199966430664,98.44999694824219,96.2474136352539,1956200
2022-11-09,98.37000274658203,98.98999786376953,96.9000015258789,97.08999633789062,94.91783142089844,1605300
2022-11-10,101.33000183105469,108.97000122070312,101.19999694824219,108.58999633789062,106.16055297851562,2886600
2022-11-11,108.47000122070312,113.26000213623047,108.38999938964844,111.58000183105469,109.08366394042969,2804400
2022-11-14,110.86000061035156,110.86000061035156,107.30000305175781,107.41999816894531,105.01673126220703,1723700
2022-11-15,109.33999633789062,112.06999969482422,109.11000061035156,111.87000274658203,109.36717224121094,2038500
2022-11-16,111.58999633789062,112.12000274658203,109.83999633789062,109.8499984741211,107.39236450195312,1699400
2022-11-17,107.91999816894531,109.80999755859375,107.83999633789062,109.29000091552734,106.84489440917969,1983200
2022-11-18,111.01000213623047,111.36000061035156,109.29000091552734,110.45999908447266,107.98871612548828,1244800
2022-11-21,109.9000015258789,110.8499984741211,108.6500015258789,110.58999633789062,108.11580657958984,1571700
2022-11-22,110.80999755859375,110.80999755859375,108.30999755859375,109.5,107.0501937866211,1799300
2022-11-23,109.22000122070312,111.06999969482422,109.19000244140625,110.98999786376953,108.5068588256836,1207300
2022-11-25,111.37000274658203,112.2699966430664,110.58999633789062,111.2699966430664,108.78059387207031,431800
2022-11-28,110.0,110.9000015258789,107.08999633789062,107.4800033569336,105.07538604736328,1818200
2022-11-29,107.63999938964844,109.0,107.30999755859375,108.75,106.31697082519531,1422100
2022-11-30,108.23999786376953,112.69999694824219,107.51000213623047,112.45999908447266,109.9439697265625,2598100
2022-12-01,113.2300033569336,114.86000061035156,110.93000030517578,111.69999694824219,109.20097351074219,1564400
2022-12-02,110.08999633789062,111.25,108.7699966430664,110.8499984741211,108.36998748779297,1610600
2022-12-05,110.12999725341797,110.87999725341797,108.55000305175781,109.16000366210938,106.71780395507812,1475000
2022-12-06,109.51000213623047,109.6500015258789,107.4800033569336,108.05000305175781,105.63263702392578,1199100
2022-12-07,107.79000091552734,109.98999786376953,107.5199966430664,108.80000305175781,106.36585235595703,1352200
2022-12-08,109.0,110.66000366210938,106.83999633789062,107.31999969482422,104.9189682006836,2221300
2022-12-09,106.73999786376953,108.8499984741211,106.12999725341797,106.95999908447266,104.5670166015625,1294000
2022-12-12,107.06999969482422,108.37999725341797,106.5199966430664,108.33000183105469,105.9063720703125,1953800
2022-12-13,112.47000122070312,113.4800033569336,109.16000366210938,111.08999633789062,108.6046142578125,2243300
2022-12-14,107.18000030517578,109.30000305175781,104.5,104.63999938964844,103.43485260009766,4600700
2022-12-15,103.16000366210938,105.02999877929688,102.80000305175781,104.27999877929688,103.0790023803711,2626900
2022-12-16,102.4800033569336,102.81999969482422,99.01000213623047,101.54000091552734,100.37055969238281,5083600
2022-12-19,101.0,101.30000305175781,98.7300033569336,99.38999938964844,98.24532318115234,2022400
2022-12-20,98.66999816894531,100.25,97.83000183105469,98.73999786376953,97.6028060913086,2170600
2022-12-21,98.77999877929688,102.02999877929688,98.69999694824219,100.44999694824219,99.29310607910156,1623400
2022-12-22,99.44000244140625,100.66999816894531,98.08000183105469,99.86000061035156,98.70990753173828,1957300
2022-12-23,99.22000122070312,101.33000183105469,98.69000244140625,100.87000274658203,99.7082748413086,833600
2022-12-27,100.75,101.04000091552734,98.72000122070312,100.3499984741211,99.19425964355469,1124700
2022-12-28,100.7699966430664,101.25,99.12999725341797,99.4000015258789,98.25520324707031,2197800
2022-12-29,100.19000244140625,102.13999938964844,99.4000015258789,101.30000305175781,100.1333236694336,1149100
2022-12-30,100.37000274658203,101.22000122070312,98.9000015258789,100.2699966430664,99.11518096923828,1200300
2023-01-03,101.5,103.33999633789062,100.72000122070312,102.83000183105469,101.64570617675781,2410100
2023-01-04,100.5999984741211,105.7699966430664,99.72000122070312,103.6500015258789,102.45626068115234,2492500
2023-01-05,102.30000305175781,102.30000305175781,97.91000366210938,98.08000183105469,96.95040893554688,2218100
2023-01-06,98.45999908447266,102.0199966430664,97.05000305175781,101.37999725341797,100.21240234375,2015500
2023-01-09,101.41999816894531,102.61000061035156,100.54000091552734,101.13999938964844,99.97516632080078,2859100
2023-01-10,100.95999908447266,102.38999938964844,100.0199966430664,102.31999969482422,101.1415786743164,1448300
2023-01-11,103.13999938964844,105.44999694824219,102.95999908447266,105.02999877929688,103.82036590576172,1857000
2023-01-12,105.72000122070312,107.48999786376953,103.8499984741211,107.27999877929688,106.04444885253906,1547000
2023-01-13,105.77999877929688,107.05000305175781,105.12999725341797,106.0,104.77919006347656,1056000
2023-01-17,106.08000183105469,107.47000122070312,105.02999877929688,106.8499984741211,105.61940002441406,1801700
2023-01-18,106.8499984741211,107.41000366210938,104.62000274658203,105.44000244140625,104.22564697265625,1834000
2023-01-19,105.11000061035156,106.38999938964844,104.11000061035156,104.95999908447266,103.75116729736328,1901800
2023-01-20,105.05999755859375,107.29000091552734,103.4000015258789,106.73999786376953,105.51066589355469,1636300
2023-01-23,106.66000366210938,108.26000213623047,106.05000305175781,107.22000122070312,105.98514556884766,1214500
2023-01-24,106.43000030517578,109.05000305175781,106.2699966430664,107.0,105.7676773071289,1668300
2023-01-25,106.33000183105469,107.37999725341797,104.33999633789062,107.19000244140625,105.95549011230469,1636000
2023-01-26,107.91999816894531,109.36000061035156,107.68000030517578,109.30999755859375,108.05107116699219,1365100
2023-01-27,109.23999786376953,111.87000274658203,109.0,111.30999755859375,110.02803802490234,1663000
2023-01-30,110.06999969482422,112.19999694824219,110.01000213623047,111.02999877929688,109.75125885009766,2074200
2023-01-31,110.75,114.81999969482422,110.75,114.62000274658203,113.29991912841797,4887400
2023-02-01,114.5,116.86000061035156,112.30999755859375,116.1500015258789,114.81229400634766,2309000
2023-02-02,117.7699966430664,122.43000030517578,117.56999969482422,119.91999816894531,118.53887176513672,2962900
2023-02-03,117.16000366210938,118.41999816894531,113.83999633789062,115.20999908447266,113.88311767578125,2045200
2023-02-06,112.95999908447266,114.56999969482422,112.12999725341797,114.4000015258789,113.08245086669922,1145800
2023-02-07,113.43000030517578,114.45999908447266,112.11000061035156,113.4800033569336,112.17304992675781,1725600
2023-02-08,113.0999984741211,113.66999816894531,111.7699966430664,112.61000061035156,111.31306457519531,1541800
2023-02-09,113.44000244140625,114.18000030517578,111.08000183105469,111.30000305175781,110.01815795898438,1013800
2023-02-10,110.0,111.79000091552734,109.20999908447266,111.45999908447266,110.17630767822266,1554000
2023-02-13,111.87000274658203,113.12000274658203,111.51000213623047,112.97000122070312,111.6689224243164,1195100
2023-02-14,112.3499984741211,113.5199966430664,110.75,112.83000183105469,111.53053283691406,1471000
2023-02-15,112.37999725341797,113.66000366210938,111.47000122070312,113.62999725341797,112.3213119506836,1425200
2023-02-16,111.31999969482422,113.88999938964844,110.12000274658203,112.87999725341797,111.5799560546875,1484100
2023-02-17,113.16000366210938,113.20999908447266,107.72000122070312,110.76000213623047,109.484375,3369700
2023-02-21,109.98999786376953,110.38999938964844,106.68000030517578,108.41000366210938,107.16143798828125,2382800
2023-02-22,108.61000061035156,109.16999816894531,106.12999725341797,106.63999938964844,105.41181945800781,1781600
2023-02-23,107.70999908447266,108.83000183105469,107.1500015258789,108.76000213623047,107.50740814208984,1201900
2023-02-24,107.3499984741211,108.12000274658203,104.5999984741211,105.04000091552734,103.83025360107422,1203200
2023-02-27,106.55999755859375,107.25,103.91999816894531,104.87999725341797,103.67208862304688,1481900
2023-02-28,104.7699966430664,106.44999694824219,103.93000030517578,104.2300033569336,103.02957916259766,2178200
2023-03-01,103.29000091552734,103.5,100.0199966430664,100.83000183105469,99.66873931884766,2351800
2023-03-02,99.94000244140625,103.5,98.86000061035156,103.0999984741211,101.91259002685547,2259800
2023-03-03,103.83999633789062,106.75,103.68000030517578,106.0,104.77919006347656,2673800
2023-03-06,106.86000061035156,106.86000061035156,104.87000274658203,105.31999969482422,104.10702514648438,1447300
2023-03-07,105.62000274658203,106.0,102.83999633789062,102.94999694824219,101.76432037353516,1571100
2023-03-08,103.0,106.70999908447266,103.0,105.79000091552734,104.57160949707031,1546300
2023-03-09,106.0,106.52999877929688,104.06999969482422,104.37999725341797,103.17784881591797,1867500
2023-03-10,104.19000244140625,105.33999633789062,101.97000122070312,102.54000091552734,101.35903930664062,2405000
2023-03-13,102.0199966430664,108.02999877929688,101.66999816894531,105.93000030517578,104.70999908447266,2979900
2023-03-14,106.29000091552734,107.2300033569336,104.55999755859375,105.69999694824219,105.69999694824219,2170100
2023-03-15,104.16000366210938,106.9000015258789,103.66999816894531,105.26000213623047,105.26000213623047,3288600
2023-03-16,104.76000213623047,105.0999984741211,101.54000091552734,103.08999633789062,103.08999633789062,4055000
2023-03-17,100.72000122070312,101.66999816894531,98.77999877929688,100.69999694824219,100.69999694824219,5199900
2023-03-20,100.38999938964844,101.91999816894531,99.33999633789062,101.66000366210938,101.66000366210938,2229700
2023-03-21,101.6500015258789,101.8499984741211,95.56999969482422,97.83000183105469,97.83000183105469,4285700
2023-03-22,97.33000183105469,97.33000183105469,92.04000091552734,92.29000091552734,92.29000091552734,2592100
2023-03-23,92.41999816894531,95.8499984741211,91.83999633789062,93.51000213623047,93.51000213623047,2573400
2023-03-24,93.33000183105469,94.44999694824219,91.93000030517578,94.37000274658203,94.37000274658203,2618800
2023-03-27,93.38999938964844,94.77999877929688,93.02999877929688,94.0,94.0,2121300
2023-03-28,93.13999938964844,94.44999694824219,90.77999877929688,91.41999816894531,91.41999816894531,3015400
2023-03-29,92.95999908447266,93.55000305175781,90.72000122070312,92.4000015258789,92.4000015258789,4373300
2023-03-30,93.75,94.87000274658203,92.68000030517578,93.47000122070312,93.47000122070312,3786900
2023-03-31,93.88999938964844,98.47000122070312,93.88999938964844,98.30999755859375,98.30999755859375,3934700
